track_name,track_url,album_name,album_url,artist_name,artist_url,date_added,duration_ms,date_first_scraped,description,playlist_name
1000 Scars,https://open.spotify.com/track/0Sf4rStnY3H87N9kD1jFaD,1000 Scars,https://open.spotify.com/album/00WJvu7GZxqmf47amfohBC,Red Roses Realm,https://open.spotify.com/artist/204teSA5ZiRMpFo3krWkYv,2022-06-06,207781,2022-06-09,試著拋開所有煩惱，配上一點特意的小確幸，這一刻只屬於你...,我的微醺夜
2021,https://open.spotify.com/track/5DlXq40tjFwd3SFp55AfKp,2021,https://open.spotify.com/album/0wsQ9WVVhr3P9xZBEgdaPG,Lauv,https://open.spotify.com/artist/5JZ7CnR6gTvEMKX4g70Amv,2022-06-06,195952,2022-06-09,試著拋開所有煩惱，配上一點特意的小確幸，這一刻只屬於你...,我的微醺夜
A day in the water,https://open.spotify.com/track/4LChcN9DKBz08NgEkxjF8o,A day in the water,https://open.spotify.com/album/0XixzPHKM6AIqekkbGNzFH,Christine and the Queens,https://open.spotify.com/artist/04vj3iPUiVh5melWr0w3xT,2023-06-12,241661,2022-06-09,試著拋開所有煩惱，配上一點特意的小確幸，這一刻只屬於你...,我的微醺夜
A day in the water,https://open.spotify.com/track/5GGLwBHZvoiub0mYt5OUSt,"PARANOÏA, ANGELS, TRUE LOVE",https://open.spotify.com/album/2Yg3Rha1y4PDlIWh5vy6rJ,Christine and the Queens,https://open.spotify.com/artist/04vj3iPUiVh5melWr0w3xT,2023-06-12,241661,2022-06-09,試著拋開所有煩惱，配上一點特意的小確幸，這一刻只屬於你...,我的微醺夜
A Moment Of Mystery (feat. Toro y Moi),https://open.spotify.com/track/5OmzLQz8dsXSvEcZ2gSsQ4,V I N C E N T,https://open.spotify.com/album/5OUJEZppb5mHHwR5Uw0rzw,"FKJ, Toro y Moi","https://open.spotify.com/artist/2FwDTncULUnmANIh7qKa5z, https://open.spotify.com/artist/6O4EGCCb6DoIiR6B1QCQgp",2022-07-25,205760,2022-06-09,試著拋開所有煩惱，配上一點特意的小確幸，這一刻只屬於你...,我的微醺夜
A8,https://open.spotify.com/track/06uZ51ssp5PkwHzZM2WUAK,"to you, to me",https://open.spotify.com/album/5vtHCIkKF4SmJDnWcTqzn7,Marian Carmel,https://open.spotify.com/artist/5Iyx1kSKoYvJz0gCrsFLW6,2022-06-06,208617,2022-06-09,試著拋開所有煩惱，配上一點特意的小確幸，這一刻只屬於你...,我的微醺夜
About You,https://open.spotify.com/track/1PuXZ6hSLFbwWhMxQXrkLr,About You,https://open.spotify.com/album/5KBGp5VvPhLUopd1NkRoML,BV,https://open.spotify.com/artist/6ssRZa4xnED0O5uBwEEION,2022-06-06,184000,2022-06-09,試著拋開所有煩惱，配上一點特意的小確幸，這一刻只屬於你...,我的微醺夜
Aftermath,https://open.spotify.com/track/4wcWI3GEtaGm38dbdDFbyI,Maxinquaye,https://open.spotify.com/album/7qlZpMib7D0riFPQ5JHDT8,"Tricky, Martina Topley-Bird","https://open.spotify.com/artist/6hhA8TKRNryM8FNzqCqdDO, https://open.spotify.com/artist/6sKLLGj7SqbP2qDBdEOoZ6",2024-05-27,458666,2022-06-09,試著拋開所有煩惱，配上一點特意的小確幸，這一刻只屬於你...,我的微醺夜
airplane thoughts,https://open.spotify.com/track/4t5joZkdlXlvzLXJbkgppJ,rapunzel,https://open.spotify.com/album/305fd6KSKY40Yjgwvm2ck6,Dhruv,https://open.spotify.com/artist/70NcAr4ZtA3FAqU16iQZSb,2022-07-25,210405,2022-06-09,試著拋開所有煩惱，配上一點特意的小確幸，這一刻只屬於你...,我的微醺夜
airplane thoughts,https://open.spotify.com/track/6LyNmMNe5Xomr3MFL6dS7n,airplane thoughts,https://open.spotify.com/album/3k8juVCkkKg3IG8gNOttWH,dhruv,https://open.spotify.com/artist/70NcAr4ZtA3FAqU16iQZSb,2022-06-06,210405,2022-06-09,試著拋開所有煩惱，配上一點特意的小確幸，這一刻只屬於你...,我的微醺夜
Ali,https://open.spotify.com/track/4TQYdFRCYW7QH0vwmYYt97,When Smoke Rises,https://open.spotify.com/album/0iPWPiOsdGaWgcy9RMpvXw,Mustafa,https://open.spotify.com/artist/1zkKkDDra0jlsiJYz57P3P,2022-10-24,192167,2022-06-09,試著拋開所有煩惱，配上一點特意的小確幸，這一刻只屬於你...,我的微醺夜
All My Love,https://open.spotify.com/track/6oIYd6vD1ltVHzUtLOkzDe,All My Love,https://open.spotify.com/album/6ikDHT3d3JID7heOAr7d5q,Landon Austin,https://open.spotify.com/artist/2WROyFfIOmKtRopsTrIL52,2022-06-06,228103,2022-06-09,試著拋開所有煩惱，配上一點特意的小確幸，這一刻只屬於你...,我的微醺夜
All That Matters,https://open.spotify.com/track/2KyIlex21vkmh0yQaKSmuY,All That Matters,https://open.spotify.com/album/1XnXnyKWqThDzrNWn3TmWo,GRACE.,https://open.spotify.com/artist/4RwYJRHnB3zCks3x2u3qHv,2022-06-06,208421,2022-06-09,試著拋開所有煩惱，配上一點特意的小確幸，這一刻只屬於你...,我的微醺夜
All To Me,https://open.spotify.com/track/5JycxhApZmzbA4xSwvqh6k,When It's All Said And Done... Take Time,https://open.spotify.com/album/1otOJAtgvO5VCBL4Gykrrd,GIVĒON,https://open.spotify.com/artist/4fxd5Ee7UefO4CUXgwJ7IP,2022-07-25,127807,2022-06-09,試著拋開所有煩惱，配上一點特意的小確幸，這一刻只屬於你...,我的微醺夜
alright,https://open.spotify.com/track/0zwqkO1MdFPigFIESwdJ5s,bandaids,https://open.spotify.com/album/4LfFHT00C9ImLMUjHkqWjQ,keshi,https://open.spotify.com/artist/3pc0bOVB5whxmD50W79wwO,2022-06-06,168280,2022-06-09,試著拋開所有煩惱，配上一點特意的小確幸，這一刻只屬於你...,我的微醺夜
always,https://open.spotify.com/track/26dXOkhzMxLLNaUXt77HQc,always,https://open.spotify.com/album/37FLvUnF5qC1LZBNCWqG1A,keshi,https://open.spotify.com/artist/3pc0bOVB5whxmD50W79wwO,2022-07-25,172354,2022-06-09,試著拋開所有煩惱，配上一點特意的小確幸，這一刻只屬於你...,我的微醺夜
always,https://open.spotify.com/track/5VyDhDfrTZuywIydd5R7j2,always,https://open.spotify.com/album/4LTNyTHaPmgBwzR3JWKhst,keshi,https://open.spotify.com/artist/3pc0bOVB5whxmD50W79wwO,2022-06-06,172354,2022-06-09,試著拋開所有煩惱，配上一點特意的小確幸，這一刻只屬於你...,我的微醺夜
Amore,https://open.spotify.com/track/7dEhUSzB32GMXhkrqtEYec,Amore,https://open.spotify.com/album/30MfxQbaHfZ9VqDOyFBjuj,L•Y,https://open.spotify.com/artist/6TX5wo8K752OtN0iDcTPs3,2022-06-06,216994,2022-06-09,試著拋開所有煩惱，配上一點特意的小確幸，這一刻只屬於你...,我的微醺夜
And We Go Gentle,https://open.spotify.com/track/3PHgxKy3nKy0v9KvUtHl8g,Mood Valiant,https://open.spotify.com/album/456WeVeZk38VJuqg2sL7QG,Hiatus Kaiyote,https://open.spotify.com/artist/43JlwunhXm1oqdKyOa2Z9Y,2022-07-25,203266,2022-06-09,試著拋開所有煩惱，配上一點特意的小確幸，這一刻只屬於你...,我的微醺夜
Apathy,https://open.spotify.com/track/5t3JUzspTv8op7W0vX9KL4,Apathy,https://open.spotify.com/album/6s9lnnZnoPeqzRf78rVsUt,shy-c,https://open.spotify.com/artist/08UgDZuFwNBio0gstXxJqm,2022-06-06,207214,2022-06-09,試著拋開所有煩惱，配上一點特意的小確幸，這一刻只屬於你...,我的微醺夜
April Smile,https://open.spotify.com/track/4rhTbLNVEHvSENW3KWuHTX,Ambivalence,https://open.spotify.com/album/4llC8Vtw8LtJ5HWzVpb1fd,FLORA,https://open.spotify.com/artist/0e6x6jekPEsRu9blCb1MWZ,2022-06-06,225422,2022-06-09,試著拋開所有煩惱，配上一點特意的小確幸，這一刻只屬於你...,我的微醺夜
at least i look cool,https://open.spotify.com/track/2eLDUK7EkpENZkDL9O5yhz,at least i look cool,https://open.spotify.com/album/3DrwGrEPG3Rq9mIsZVuklB,Sasha Alex Sloan,https://open.spotify.com/artist/4xnihxcoXWK3UqryOSnbw5,2022-07-25,171695,2022-06-09,試著拋開所有煩惱，配上一點特意的小確幸，這一刻只屬於你...,我的微醺夜
Autumn breeze,https://open.spotify.com/track/0nmdvYrzUgocrXt6IDanCj,Autumn breeze,https://open.spotify.com/album/1zPdH4xj4rZsLVRtgO8MRI,"Dept, Milky Day","https://open.spotify.com/artist/48JtfAggQQpfUXQNxkGm5U, https://open.spotify.com/artist/7FIqXqYZHMomTAcTXF4UHu",2022-06-06,174683,2022-06-09,試著拋開所有煩惱，配上一點特意的小確幸，這一刻只屬於你...,我的微醺夜
Autumn breeze (Feat. Milky Day),https://open.spotify.com/track/2XOy3DKHapEiDxG7EFI2wT,Autumn breeze,https://open.spotify.com/album/2qaPqpiQfg952oIT1nrDXB,"Dept, Milky Day","https://open.spotify.com/artist/48JtfAggQQpfUXQNxkGm5U, https://open.spotify.com/artist/7FIqXqYZHMomTAcTXF4UHu",2022-07-25,174683,2022-06-09,試著拋開所有煩惱，配上一點特意的小確幸，這一刻只屬於你...,我的微醺夜
Awake,https://open.spotify.com/track/5XMtZsNkezcv695DQSZo0L,Hope For Sale,https://open.spotify.com/album/2opiJIrYClkW7qD2vM6vSi,"Chiiild, Mahalia","https://open.spotify.com/artist/2YqJwmohaNjg9lg51flSax, https://open.spotify.com/artist/16rCzZOMQX7P8Kmn5YKexI",2022-07-25,226733,2022-06-09,試著拋開所有煩惱，配上一點特意的小確幸，這一刻只屬於你...,我的微醺夜
Baby Cakes,https://open.spotify.com/track/1rr3sGDkWeisMDPRTe081L,Baby Cakes,https://open.spotify.com/album/6UBbIBpb2LB4Vm9iacIzmu,Whyte,https://open.spotify.com/artist/7DZtdN4x13Amjw87cjdffb,2022-06-06,228705,2022-06-09,試著拋開所有煩惱，配上一點特意的小確幸，這一刻只屬於你...,我的微醺夜
bad weather,https://open.spotify.com/track/3Uf6WXkeF4b9LlDNC4PKOw,bad weather,https://open.spotify.com/album/7A0VdU0ipw7rApLq7OR7tb,Kibishi,https://open.spotify.com/artist/0PK6cB0zu68dt8qx6DRn6G,2024-12-16,148855,2022-06-09,試著拋開所有煩惱，配上一點特意的小確幸，這一刻只屬於你...,我的微醺夜
Bayou,https://open.spotify.com/track/0CC0kKfkPSIgokD882T9I5,((( 2 ))),https://open.spotify.com/album/3Oek1SjcuXDich2rfbRipZ,"((( O ))), Please Wait","https://open.spotify.com/artist/5rBFU1rhgs1nNghopuj9k8, https://open.spotify.com/artist/2f70Y2dW98FPfkO61AGa2E",2023-09-18,133377,2022-06-09,試著拋開所有煩惱，配上一點特意的小確幸，這一刻只屬於你...,我的微醺夜
Be On My Way (Full),https://open.spotify.com/track/6kLEV4RF4HySkPmGeNOFT8,I Used To Know Her,https://open.spotify.com/album/0IMTA2Wz6p8CNZ0MDK2zvg,H.E.R.,https://open.spotify.com/artist/3Y7RZ31TRPVadSFVy1o8os,2024-02-12,157906,2022-06-09,試著拋開所有煩惱，配上一點特意的小確幸，這一刻只屬於你...,我的微醺夜
bet,https://open.spotify.com/track/4R96Fg25lU1Sfsvqf1XNLa,bet,https://open.spotify.com/album/6bJmksvW1u7i1mh78WeQB9,Denise Julia,https://open.spotify.com/artist/3L1qgTsUqavkiygkIKfWJD,2024-04-08,188000,2022-06-09,試著拋開所有煩惱，配上一點特意的小確幸，這一刻只屬於你...,我的微醺夜
Better Version,https://open.spotify.com/track/3TSi3kAdU1PLg3bEQbMKes,Based On A Feeling,https://open.spotify.com/album/3PdyuqyxiDFTujJ8e2U2E2,Sabrina Claudio,https://open.spotify.com/artist/30DhU7BDmF4PH0JVhu8ZRg,2023-03-20,215117,2022-06-09,試著拋開所有煩惱，配上一點特意的小確幸，這一刻只屬於你...,我的微醺夜
Better Version,https://open.spotify.com/track/6OYly4TGeYQFNXrt6Qh1JA,Better Version,https://open.spotify.com/album/7KG6TtKMZAIPtY1T3ApyeU,Sabrina Claudio,https://open.spotify.com/artist/30DhU7BDmF4PH0JVhu8ZRg,2022-07-25,215117,2022-06-09,試著拋開所有煩惱，配上一點特意的小確幸，這一刻只屬於你...,我的微醺夜
betterlove,https://open.spotify.com/track/020BU0EzWu1qQDj6qXRNRe,betterlove,https://open.spotify.com/album/2R6iU9N1ucrdfMVEqt08qZ,The Legacy,https://open.spotify.com/artist/4A8MJHyHDhtgq8QxOUkx2A,2022-06-06,187189,2022-06-09,試著拋開所有煩惱，配上一點特意的小確幸，這一刻只屬於你...,我的微醺夜
Bitter Delight,https://open.spotify.com/track/5DOmSIrqT9BbYpU4aKOOFK,Bitter Delight,https://open.spotify.com/album/0NThsYqKdnjotCcQ2MBJRK,Alf Wardhana,https://open.spotify.com/artist/008xcaYBfGJuvUXHR7OSYt,2022-06-06,222981,2022-06-09,試著拋開所有煩惱，配上一點特意的小確幸，這一刻只屬於你...,我的微醺夜
Bittersweet,https://open.spotify.com/track/4DwW1HW7iEK7DtUDiSte3X,Bittersweet,https://open.spotify.com/album/1ei9Kv8hCrpTcnz3JscN4l,"Fallen Roses, Sleepdealer, Harmless","https://open.spotify.com/artist/5I6WLC9Auo6aeTRHPQbdOv, https://open.spotify.com/artist/0kVNa1qBak8arcwcUeLu90, https://open.spotify.com/artist/5dYGaoCO0iaUZKfl9K8Gtd",2022-09-19,182857,2022-06-09,試著拋開所有煩惱，配上一點特意的小確幸，這一刻只屬於你...,我的微醺夜
Blinded,https://open.spotify.com/track/0E1hEbTq833Aqaq4pBn8yo,Blinded,https://open.spotify.com/album/4l2DoTsXaoMwZc23jGsp2B,Fern.,https://open.spotify.com/artist/7KoTRIhjkIQy2L8RjWDpfF,2023-02-27,212000,2022-06-09,試著拋開所有煩惱，配上一點特意的小確幸，這一刻只屬於你...,我的微醺夜
Blinded,https://open.spotify.com/track/7wMAiWj80CLKSleeDbWMOw,Blinded,https://open.spotify.com/album/0J54MemwRGGvGEsxagUx2v,Fern.,https://open.spotify.com/artist/7KoTRIhjkIQy2L8RjWDpfF,2022-06-06,212000,2022-06-09,試著拋開所有煩惱，配上一點特意的小確幸，這一刻只屬於你...,我的微醺夜
Blue,https://open.spotify.com/track/0DeERXbSE5amnnFx5MSycO,Blue,https://open.spotify.com/album/2V5sPS4x8LB3H7q3Q00Cjn,Aina Abdul,https://open.spotify.com/artist/48FNCGA8dKjcsfTO3TMcAV,2023-03-06,209609,2022-06-09,試著拋開所有煩惱，配上一點特意的小確幸，這一刻只屬於你...,我的微醺夜
body,https://open.spotify.com/track/6EFlWDyNzOQZjoo8dIuYGb,body,https://open.spotify.com/album/2duD8w8XxzQ2NKmeIDe5QN,Dom Guyot,https://open.spotify.com/artist/5ygKtDod9YYPAe0574Cwk0,2024-04-22,197648,2022-06-09,試著拋開所有煩惱，配上一點特意的小確幸，這一刻只屬於你...,我的微醺夜
Boyfriend,https://open.spotify.com/track/03i1lou4BzpQ7BnxpBUSCp,FITS,https://open.spotify.com/album/2hRJXpOoqZ44PGurfbka6g,FIG,https://open.spotify.com/artist/2pKRCZKuL3p3PDWMNCLAH8,2024-11-09,138030,2022-06-09,試著拋開所有煩惱，配上一點特意的小確幸，這一刻只屬於你...,我的微醺夜
Break Me.,https://open.spotify.com/track/3XmIJ09BsBdqeDPxYcu3m3,Break Me.,https://open.spotify.com/album/7uuSPVQe5FKPQruNG9sClB,Mood.,https://open.spotify.com/artist/3C6yGCM7b8QAjs1fTrEguw,2022-07-11,185609,2022-06-09,試著拋開所有煩惱，配上一點特意的小確幸，這一刻只屬於你...,我的微醺夜
Breakup Season,https://open.spotify.com/track/7xPOV2FPzi7zaYBZnQytOW,Breakup Season,https://open.spotify.com/album/0WsZKzfU4cICg8uDILDqIY,"Maya Delilah, Samm Henshaw","https://open.spotify.com/artist/6TWEX2qTj9b0bBsXSVCMKM, https://open.spotify.com/artist/1Q2mS59tFYLm2KGFoCgWN4",2022-09-26,192750,2022-06-09,試著拋開所有煩惱，配上一點特意的小確幸，這一刻只屬於你...,我的微醺夜
Breakup Season (feat. Samm Henshaw),https://open.spotify.com/track/5b0AY8ZEWEzePJolcjsBWA,Breakup Season (feat. Samm Henshaw),https://open.spotify.com/album/2F1NcprbTMK4hoSHwfi1Dz,"Maya Delilah, Samm Henshaw","https://open.spotify.com/artist/6TWEX2qTj9b0bBsXSVCMKM, https://open.spotify.com/artist/1Q2mS59tFYLm2KGFoCgWN4",2022-06-06,192750,2022-06-09,試著拋開所有煩惱，配上一點特意的小確幸，這一刻只屬於你...,我的微醺夜
Broken,https://open.spotify.com/track/1bfYB96c5U7eoCT5O9lVLN,Broken,https://open.spotify.com/album/7gwLwpXQ7r8EJO8SCwyqlC,Lund,https://open.spotify.com/artist/5uLkZ7FWMTBUg1corQqdkR,2024-05-20,200597,2022-06-09,試著拋開所有煩惱，配上一點特意的小確幸，這一刻只屬於你...,我的微醺夜
bruised,https://open.spotify.com/track/4WOLFyu5hAc5mgosw0i2Zq,bruised,https://open.spotify.com/album/0I4kXJE3TX5QpPkI2gpPsM,TALA,https://open.spotify.com/artist/2VL6HPPI1raa3qKW6NUNBR,2022-06-06,234000,2022-06-09,試著拋開所有煩惱，配上一點特意的小確幸，這一刻只屬於你...,我的微醺夜
Build,https://open.spotify.com/track/0G3qCSe4KcWFc0EKlXCEo8,Build,https://open.spotify.com/album/6ASizE9wRKuBUsgARpMrkh,"Justine Skye, Arin Ray","https://open.spotify.com/artist/0jUQSUOcM7lxVn5eVGTkzQ, https://open.spotify.com/artist/6TvjXbopXg71XRM9OZWqUc",2022-07-25,247333,2022-06-09,試著拋開所有煩惱，配上一點特意的小確幸，這一刻只屬於你...,我的微醺夜
Built That Way,https://open.spotify.com/track/1KFRlrRRuvyrIwgjcSr1Qr,The Juice: Vol. I,https://open.spotify.com/album/3No5rGRQefAlVJgWusDEwQ,Emotional Oranges,https://open.spotify.com/artist/12trz2INGglrKMzLmg0y2C,2022-07-25,199040,2022-06-09,試著拋開所有煩惱，配上一點特意的小確幸，這一刻只屬於你...,我的微醺夜
Burn,https://open.spotify.com/track/6ag2M9QBSdT0HwTlfUYf50,Burn,https://open.spotify.com/album/5TWPkPyoLrZJlDFC8ppVld,reina,https://open.spotify.com/artist/6FVP7BKUUx1uCNPbX35fdf,2025-01-27,169208,2022-06-09,試著拋開所有煩惱，配上一點特意的小確幸，這一刻只屬於你...,我的微醺夜
Burning,https://open.spotify.com/track/1D1M805zV8DwhYXsvJdQZx,Born in the Wild,https://open.spotify.com/album/1FGGv0vvSTerGQ91Mkvf9p,Tems,https://open.spotify.com/artist/687cZJR45JO7jhk1LHIbgq,2024-06-09,175237,2022-06-09,試著拋開所有煩惱，配上一點特意的小確幸，這一刻只屬於你...,我的微醺夜
Butter,https://open.spotify.com/track/3EEuwWeuAOUoIF007rgxKc,Palate Cleanser,https://open.spotify.com/album/5RE6SssXWIva5ZrwHsIBMh,"Stef Aranas, Euge","https://open.spotify.com/artist/741S9vc1M279OomvdEsFhg, https://open.spotify.com/artist/5CBJbqzgxNF3DvnAXBM1wJ",2022-06-06,218400,2022-06-09,試著拋開所有煩惱，配上一點特意的小確幸，這一刻只屬於你...,我的微醺夜
butterfly,https://open.spotify.com/track/7IAB5IIQ0qKMM6Cnc8JPhE,butterfly,https://open.spotify.com/album/3x0aQ3AzXp4YNDV0ybmlq6,Rahmania Astrini,https://open.spotify.com/artist/0e5blBgpur3Y18wS1bzXQC,2022-06-06,180113,2022-06-09,試著拋開所有煩惱，配上一點特意的小確幸，這一刻只屬於你...,我的微醺夜
Bye Bye,https://open.spotify.com/track/4kwBXoGXojG95S3u8pELy4,Bye Bye,https://open.spotify.com/album/3Df3GOzpZ8QXhcfR72Dnum,"chrln, RdBeats","https://open.spotify.com/artist/5R1KD32YuMNzZszCHlZsHg, https://open.spotify.com/artist/77kFStmiMsr6uQ7w2GE5X9",2022-06-06,183750,2022-06-09,試著拋開所有煩惱，配上一點特意的小確幸，這一刻只屬於你...,我的微醺夜
Calm Down,https://open.spotify.com/track/1fMSos1k5UVJ9mxQtkQt2X,Calm Down,https://open.spotify.com/album/79RUYavOfFan3GiQaUHDJV,hohoman16,https://open.spotify.com/artist/7yV83KFDjcx1QREEzqPUKk,2022-06-27,130539,2022-06-09,試著拋開所有煩惱，配上一點特意的小確幸，這一刻只屬於你...,我的微醺夜
Can't Find,https://open.spotify.com/track/1ktK35q1xiDJ2Wb0OMNICY,Me In Dat Blue,https://open.spotify.com/album/1ueX4F8QIbP5n19urjmYq1,LINION,https://open.spotify.com/artist/26OkmynS2y6LiuUWz3yeqT,2022-06-06,259680,2022-06-09,試著拋開所有煩惱，配上一點特意的小確幸，這一刻只屬於你...,我的微醺夜
Can't Find,https://open.spotify.com/track/7KKuseiLhKfoP353BjJduf,Me In Dat Blue,https://open.spotify.com/album/5nWNY2ELKVX8cfukWR0Rfx,LINION,https://open.spotify.com/artist/26OkmynS2y6LiuUWz3yeqT,2022-10-24,259680,2022-06-09,試著拋開所有煩惱，配上一點特意的小確幸，這一刻只屬於你...,我的微醺夜
Caught Up In Your Head,https://open.spotify.com/track/4pPgwWIxHYZNtso47GXUob,Caught Up In Your Head,https://open.spotify.com/album/4mvGpe3RbO9OLW8Z3zvr7R,Crinkle Cut,https://open.spotify.com/artist/2UCFiIIvMdaT4UqRxJVHWk,2022-06-06,207321,2022-06-09,試著拋開所有煩惱，配上一點特意的小確幸，這一刻只屬於你...,我的微醺夜
Chatter,https://open.spotify.com/track/6S3B1l2CIGvEo3vLpVfBRQ,Chatter,https://open.spotify.com/album/0ke6IZ0jAiFuZuOT7Jwr8u,Jess Connelly,https://open.spotify.com/artist/1XC87A3NVlw6xDW1kIB5FN,2022-06-06,173686,2022-06-09,試著拋開所有煩惱，配上一點特意的小確幸，這一刻只屬於你...,我的微醺夜
Cheap Vacations (feat. Glassface),https://open.spotify.com/track/7fGmx2dHgPwynQrfwPMemP,Live on Ice,https://open.spotify.com/album/6K7SjlIebufubxXGf4uA7a,"tobi lou, Glassface","https://open.spotify.com/artist/4T8NIfZmVY6TJFqVzN6X49, https://open.spotify.com/artist/4X4M4anXziw63YWbKxZwiP",2022-07-25,215999,2022-06-09,試著拋開所有煩惱，配上一點特意的小確幸，這一刻只屬於你...,我的微醺夜
Chill,https://open.spotify.com/track/6o0PuBbbFNdnkKVJEQ3G6Y,Chill,https://open.spotify.com/album/6eDc1WXXQhsyvRgb3DduaR,Julia Wu,https://open.spotify.com/artist/7pSH4sO2lXAxFKF6MkwORv,2022-06-06,243529,2022-06-09,試著拋開所有煩惱，配上一點特意的小確幸，這一刻只屬於你...,我的微醺夜
Chilly,https://open.spotify.com/track/2WrZX7qILvKZkw0tldzkmP,Chilly,https://open.spotify.com/album/0uxUV7HJLD9xFD0Zh0ZAhA,NIKI,https://open.spotify.com/artist/2kxP07DLgs4xlWz8YHlvfh,2024-01-22,230000,2022-06-09,試著拋開所有煩惱，配上一點特意的小確幸，這一刻只屬於你...,我的微醺夜
Chilly,https://open.spotify.com/track/6H3TW6uEe3RxW8CcnXJfq2,Chilly,https://open.spotify.com/album/5NmHTG1AIpZ9yjwzih2Kni,NIKI,https://open.spotify.com/artist/2kxP07DLgs4xlWz8YHlvfh,2022-07-25,230000,2022-06-09,試著拋開所有煩惱，配上一點特意的小確幸，這一刻只屬於你...,我的微醺夜
Cinema,https://open.spotify.com/track/6ejBx2l9eJr5n1V7t0WpCC,Cinema,https://open.spotify.com/album/0T57uRN9WnBm3J5V0qA4M9,Galdive,https://open.spotify.com/artist/0aMrhUHnOzfiPcMc2PGiaT,2023-12-04,179523,2022-06-09,試著拋開所有煩惱，配上一點特意的小確幸，這一刻只屬於你...,我的微醺夜
circle of feelings,https://open.spotify.com/track/0Zr57tyrXXfbnjejbNWwfg,circle of feelings,https://open.spotify.com/album/3PvBRlnbO6mZSD4WwsV4c8,g y l s,https://open.spotify.com/artist/5P9ZfGxqKllKQuq3xBfWSk,2022-06-06,183222,2022-06-09,試著拋開所有煩惱，配上一點特意的小確幸，這一刻只屬於你...,我的微醺夜
Close To Me,https://open.spotify.com/track/4uqrNjosNZKTxtsEUpjkIm,Close To Me,https://open.spotify.com/album/5OOea733uhyneBGd5UKDRS,brayll,https://open.spotify.com/artist/7F28ZyhZHLxLy2gfNM3Gt9,2024-03-22,209653,2022-06-09,試著拋開所有煩惱，配上一點特意的小確幸，這一刻只屬於你...,我的微醺夜
Closer to Hell,https://open.spotify.com/track/4eFQHYCWctyJr4dwymVbAI,Closer to Hell,https://open.spotify.com/album/6sq7O63sKs2NPbK3bPqZJg,Deb Fan,https://open.spotify.com/artist/7s1vLo9XJCtiFWWzidpl9m,2024-06-24,165925,2022-06-09,試著拋開所有煩惱，配上一點特意的小確幸，這一刻只屬於你...,我的微醺夜
Cloud,https://open.spotify.com/track/35kirOag3DTj2NZyvxfba5,Cloud,https://open.spotify.com/album/2spfiRY5MvsWFa81ZRnhp2,Galdive,https://open.spotify.com/artist/0aMrhUHnOzfiPcMc2PGiaT,2022-06-06,232000,2022-06-09,試著拋開所有煩惱，配上一點特意的小確幸，這一刻只屬於你...,我的微醺夜
"Cloud 9 (feat. Juan Periquet, Kakie & Cub Fuque)",https://open.spotify.com/track/388eLgpqeex2oOj9DxKEYI,VOL. 1 (feat. Kakie & Cub Fuque),https://open.spotify.com/album/4G4Ey7HMOteTfkYqYvcQDM,"Luis Villanueva, Cub Fuque, Juan Periquet, kakie","https://open.spotify.com/artist/12Y3P0t9K2ShPGHHJbZduX, https://open.spotify.com/artist/47Vr0uma5dXBQ0nkSmqCXU, https://open.spotify.com/artist/6zuxhwzRvx4f0Yeryu207j, https://open.spotify.com/artist/3rMkO05Kgt99HDp4P41cbk",2022-06-06,341150,2022-06-09,試著拋開所有煩惱，配上一點特意的小確幸，這一刻只屬於你...,我的微醺夜
cloud9,https://open.spotify.com/track/2KO0sztUM1YycUiP5Ny8Dg,cloud9,https://open.spotify.com/album/1ueZFUuqoyR9hzRxrgrgoK,"cliffe, Odelia Rei","https://open.spotify.com/artist/0RhZp1X2JrAwdy7z7NQIjy, https://open.spotify.com/artist/7G7I02yeiNBx3WwKYWlpaA",2022-06-06,189513,2022-06-09,試著拋開所有煩惱，配上一點特意的小確幸，這一刻只屬於你...,我的微醺夜
Cold (2 AM),https://open.spotify.com/track/56ZMz7ERZ7NwLOqDtdsTlq,Cold (2 AM),https://open.spotify.com/album/4CzVzLksrXIUZAyixlsdE3,Michelle,https://open.spotify.com/artist/13VDZTUvX9b5ivTysrXuMk,2022-06-06,143076,2022-06-09,試著拋開所有煩惱，配上一點特意的小確幸，這一刻只屬於你...,我的微醺夜
Cold World,https://open.spotify.com/track/4vYvDdyDOw9CPjTjo6GAvt,Teddy,https://open.spotify.com/album/5pYU8aLsqEwutDZqO0vYEj,Teddy,https://open.spotify.com/artist/0a6Q2oHRwUYaZMChVBZWts,2022-10-24,153379,2022-06-09,試著拋開所有煩惱，配上一點特意的小確幸，這一刻只屬於你...,我的微醺夜
Complexion,https://open.spotify.com/track/2nQtfIkK3eE4SQiaUfAgd5,Complexion,https://open.spotify.com/album/6mLbfA9FOK4gnbcdXD0Mr6,RANI,https://open.spotify.com/artist/3SYnDj7btg9gFY7ps8m5d5,2022-07-11,189038,2022-06-09,試著拋開所有煩惱，配上一點特意的小確幸，這一刻只屬於你...,我的微醺夜
complicated,https://open.spotify.com/track/27IVr9M62UTAYt6wR6NPWo,y?,https://open.spotify.com/album/7yw1daRd2TJxXYeasjXICE,Amber Liu,https://open.spotify.com/artist/4ZpzgTOUAznSK70KdPbJHf,2022-06-06,234000,2022-06-09,試著拋開所有煩惱，配上一點特意的小確幸，這一刻只屬於你...,我的微醺夜
Corners,https://open.spotify.com/track/2Olgc28d1IdtLvleeBhtOd,Corners,https://open.spotify.com/album/078PETq9bWATB06HaidwY8,Kiana V,https://open.spotify.com/artist/1DZGAZcaTA32eLJELEsjXY,2022-06-13,179360,2022-06-09,試著拋開所有煩惱，配上一點特意的小確幸，這一刻只屬於你...,我的微醺夜
Couch Party,https://open.spotify.com/track/3cWTD0xf26hE018sK2S6Xh,Skipping Stones,https://open.spotify.com/album/49ROkaQzglgB4NUYwY7j35,Afternoon Bike Ride,https://open.spotify.com/artist/1iXLcpr2SlUwrU2oCP8nI9,2022-10-24,187663,2022-06-09,試著拋開所有煩惱，配上一點特意的小確幸，這一刻只屬於你...,我的微醺夜
Crush,https://open.spotify.com/track/7Gwq1C5FdI1PDnO7n4iIWY,Crush,https://open.spotify.com/album/5bWXQXxvr94OyOnDdTtz4b,izzy mariano,https://open.spotify.com/artist/1TC8lQaC63mXEXArQWLScf,2022-06-06,198170,2022-06-09,試著拋開所有煩惱，配上一點特意的小確幸，這一刻只屬於你...,我的微醺夜
DANCE FOR ME!,https://open.spotify.com/track/5dC4u25f9GHzZIPLAcJKEC,DANCE FOR ME!,https://open.spotify.com/album/1EXAGR62lkR5QQ9Zn6dMZk,Fern.,https://open.spotify.com/artist/7KoTRIhjkIQy2L8RjWDpfF,2022-07-11,264827,2022-06-09,試著拋開所有煩惱，配上一點特意的小確幸，這一刻只屬於你...,我的微醺夜
Darkest (Dim),https://open.spotify.com/track/548HwuXDxj3wxRu45e0uf8,Creature Dreams,https://open.spotify.com/album/2n2lsJowrhccWUuDU66cmm,"TOKiMONSTA, Gavin Turek","https://open.spotify.com/artist/3VwKSHAfgzV1DOHV0aANCI, https://open.spotify.com/artist/17czHqI0Lwj2V3htvm8afG",2024-03-18,309145,2022-06-09,試著拋開所有煩惱，配上一點特意的小確幸，這一刻只屬於你...,我的微醺夜
Dawn,https://open.spotify.com/track/1ZD9gnpU4yex0ZLSpcG1Ub,Up on the 20th Floor,https://open.spotify.com/album/3fzs4EDpSrqs0TVZAUvkg8,Amy Cashmore,https://open.spotify.com/artist/26192SYpy5QVTYfgOEwM81,2022-06-06,149678,2022-06-09,試著拋開所有煩惱，配上一點特意的小確幸，這一刻只屬於你...,我的微醺夜
Daydream,https://open.spotify.com/track/2maRlyHobUhKKO6rF9S8ez,Daydream,https://open.spotify.com/album/0G1SAm9dDdCyDEksXPQTp0,Odelia Rei,https://open.spotify.com/artist/7G7I02yeiNBx3WwKYWlpaA,2022-06-06,137464,2022-06-09,試著拋開所有煩惱，配上一點特意的小確幸，這一刻只屬於你...,我的微醺夜
daydreams,https://open.spotify.com/track/3XHjBo5wg5tvVugQRXkP0P,life's a beach,https://open.spotify.com/album/2xOawu4iq9fwcdFNvGBTdl,easy life,https://open.spotify.com/artist/7uwY65fDg3FVJ8MkJ5QuZK,2022-07-25,155845,2022-06-09,試著拋開所有煩惱，配上一點特意的小確幸，這一刻只屬於你...,我的微醺夜
Dear Matias,https://open.spotify.com/track/7jmh1eUz5xIkTlrctNUDra,Dear Matias,https://open.spotify.com/album/5df1Is4OwIamr343Ddy4MX,Galdive,https://open.spotify.com/artist/0aMrhUHnOzfiPcMc2PGiaT,2022-06-06,240387,2022-06-09,試著拋開所有煩惱，配上一點特意的小確幸，這一刻只屬於你...,我的微醺夜
Dearest Alfred,https://open.spotify.com/track/1g8I4x4Hl8LEvTMlOmTkiS,Mordechai,https://open.spotify.com/album/2IzUZlhtBvPQYs74KeG6fb,Khruangbin,https://open.spotify.com/artist/2mVVjNmdjXZZDvhgQWiakk,2022-07-25,238215,2022-06-09,試著拋開所有煩惱，配上一點特意的小確幸，這一刻只屬於你...,我的微醺夜
Didn't Cha Know,https://open.spotify.com/track/7pv80uUHfocFqfTytu1MVi,Mama's Gun,https://open.spotify.com/album/3cADvHRdKniF9ELCn1zbGH,Erykah Badu,https://open.spotify.com/artist/7IfculRW2WXyzNQ8djX8WX,2024-09-16,238733,2022-06-09,試著拋開所有煩惱，配上一點特意的小確幸，這一刻只屬於你...,我的微醺夜
Different Ways,https://open.spotify.com/track/4V0scczF99AVzyAYI35Ft4,Different Ways,https://open.spotify.com/album/42Y8CqoFNq9mVyzGIVjb0Z,No Guidnce,https://open.spotify.com/artist/4jE1yavE4c5IR1hhM4wHhY,2025-01-27,208379,2022-06-09,試著拋開所有煩惱，配上一點特意的小確幸，這一刻只屬於你...,我的微醺夜
Displaced,https://open.spotify.com/track/0B05dpghF4FSxNoBr3qBUj,Displaced,https://open.spotify.com/album/14FGgHjVJqFgafDnuhBOpy,"illmore, Joie Tan","https://open.spotify.com/artist/6xLWs7PzOiPY2351KcoeGZ, https://open.spotify.com/artist/1kjkddXmDG9vdt7P8lwYUd",2022-06-06,176000,2022-06-09,試著拋開所有煩惱，配上一點特意的小確幸，這一刻只屬於你...,我的微醺夜
Distractions,https://open.spotify.com/track/4DGPON9kch3YXAzVsozF8R,Simple Things,https://open.spotify.com/album/1VRBB9iu84o3g16CczH9iH,"Zero 7, Sia","https://open.spotify.com/artist/14H7ag1wpQOsPPQJOD6Dqr, https://open.spotify.com/artist/5WUlDfRSoLAfcVSX1WnrxN",2024-04-08,316200,2022-06-09,試著拋開所有煩惱，配上一點特意的小確幸，這一刻只屬於你...,我的微醺夜
Don't Call Me,https://open.spotify.com/track/6kcAvKkuO7UG2EwWRqluWD,Don't Call Me,https://open.spotify.com/album/4wozgE783gUeKm5OZZ4Jib,BOYINSPACE,https://open.spotify.com/artist/5yqPOYPzvjkFuIDhv3iv0F,2022-07-04,225835,2022-06-09,試著拋開所有煩惱，配上一點特意的小確幸，這一刻只屬於你...,我的微醺夜
Don't Give In,https://open.spotify.com/track/62aWvmFONlusEPthH5CmA2,Don't Give In,https://open.spotify.com/album/4nkVzPcDX2u2X9NDM2bTck,Joesef,https://open.spotify.com/artist/28EyduqESEOVMO6vglvaUZ,2022-07-25,209749,2022-06-09,試著拋開所有煩惱，配上一點特意的小確幸，這一刻只屬於你...,我的微醺夜
Don't Trust Myself,https://open.spotify.com/track/1eiDjkNOwX9LeSkSAGCA5a,Don't Trust Myself,https://open.spotify.com/album/2VOZerWeIVjsvO68fJAZ65,Robinson,https://open.spotify.com/artist/38CvLGTsjtoloDgv3OKQp8,2022-10-24,169434,2022-06-09,試著拋開所有煩惱，配上一點特意的小確幸，這一刻只屬於你...,我的微醺夜
Don’t Matter,https://open.spotify.com/track/1y2ffEt2MDA3ghGwlJYuyh,The House That I Live In,https://open.spotify.com/album/0rNvPsTkfRZap56kUJwnML,Lydia Lee,https://open.spotify.com/artist/3PBcsYf74HPwGgOvyUSm5F,2022-06-06,182343,2022-06-09,試著拋開所有煩惱，配上一點特意的小確幸，這一刻只屬於你...,我的微醺夜
Drive,https://open.spotify.com/track/1r5JnD5hiJrViG0DUG02Jv,Drive,https://open.spotify.com/album/4s341L6xFYG4imA1aoCh19,Charlotte Cardin,https://open.spotify.com/artist/1G0YV9WooUBjrwDq0Q7EFK,2022-10-24,190642,2022-06-09,試著拋開所有煩惱，配上一點特意的小確幸，這一刻只屬於你...,我的微醺夜
Drowning,https://open.spotify.com/track/28YJsoMPLIiUxtZqxVigbU,Drowning,https://open.spotify.com/album/0Go0XvWfgTRs2I1ytu7TPy,Mario,https://open.spotify.com/artist/20s0P9QLxGqKuCsGwFsp7w,2024-04-08,218627,2022-06-09,試著拋開所有煩惱，配上一點特意的小確幸，這一刻只屬於你...,我的微醺夜
Drowning,https://open.spotify.com/track/5yOy3vK27xjkWaqTS46gHN,Drowning,https://open.spotify.com/album/4mdszm9ez7c8ohdLyG5n8v,"Three Oscillators, Karshni","https://open.spotify.com/artist/7sWAzQH4ktfR6aO0L2gwB7, https://open.spotify.com/artist/2krHp4TdZbPjAyN8atU6Ff",2022-06-06,216055,2022-06-09,試著拋開所有煩惱，配上一點特意的小確幸，這一刻只屬於你...,我的微醺夜
drunk,https://open.spotify.com/track/3KkVd7Xg0jCAZSOatzQ6Td,drunk,https://open.spotify.com/album/14vqR57z8khZzYex37NVg9,keshi,https://open.spotify.com/artist/3pc0bOVB5whxmD50W79wwO,2022-06-06,226771,2022-06-09,試著拋開所有煩惱，配上一點特意的小確幸，這一刻只屬於你...,我的微醺夜
drunk,https://open.spotify.com/track/6D6HVKe7Qu3imn4zzJD0W9,always,https://open.spotify.com/album/37FLvUnF5qC1LZBNCWqG1A,keshi,https://open.spotify.com/artist/3pc0bOVB5whxmD50W79wwO,2022-07-25,227031,2022-06-09,試著拋開所有煩惱，配上一點特意的小確幸，這一刻只屬於你...,我的微醺夜
Dummy,https://open.spotify.com/track/5JbwQffYY41WnmZiRw39aw,Dummy,https://open.spotify.com/album/4mvX5gtx89KvTmjGKS3YUK,Julian Jacob,https://open.spotify.com/artist/3hF7qPC3gzhtfaKANEhKB9,2022-06-20,183272,2022-06-09,試著拋開所有煩惱，配上一點特意的小確幸，這一刻只屬於你...,我的微醺夜
Easy (feat. 6LACK),https://open.spotify.com/track/5iBO5vBRL92ytdwgZCjydX,Easy (feat. 6LACK),https://open.spotify.com/album/3EZ0ulSjw5p5jX7od6ASxb,"Next Town Down, 6LACK","https://open.spotify.com/artist/2jJCk4fs0irQjjrG0Yo4I9, https://open.spotify.com/artist/4IVAbR2w4JJNJDDRFP3E83",2024-04-08,204454,2022-06-09,試著拋開所有煩惱，配上一點特意的小確幸，這一刻只屬於你...,我的微醺夜
Eight,https://open.spotify.com/track/5T20empZEdKnAdIq26xtTA,Eight,https://open.spotify.com/album/5R6BFu0xrBtlOXN8NR12c4,"Haux, Rosie Carney","https://open.spotify.com/artist/1ifC4znYCvmMSJ0rght5JS, https://open.spotify.com/artist/3Aut8hgiqZSy2qmJluZMU9",2022-10-03,169733,2022-06-09,試著拋開所有煩惱，配上一點特意的小確幸，這一刻只屬於你...,我的微醺夜
ELEVATED LOVE,https://open.spotify.com/track/68S4hD2MjipTvup1a4Qyvw,ELEVATED LOVE,https://open.spotify.com/album/4srnbIqcCujzndeJwJSmwP,KAMOBii,https://open.spotify.com/artist/2oQ9BxzlZifyZKD035tVj1,2024-11-04,208391,2022-06-09,試著拋開所有煩惱，配上一點特意的小確幸，這一刻只屬於你...,我的微醺夜
end of summer,https://open.spotify.com/track/41Y2sKD6964zZsVKcVdfIA,end of summer,https://open.spotify.com/album/0cPA5U89O8Zq7lS258nRSt,"slchld, Nathania","https://open.spotify.com/artist/33crDRqANd3NQHJagZkQ7O, https://open.spotify.com/artist/3GGFoDJb13etkq2DgQ4cMw",2022-07-04,185691,2022-06-09,試著拋開所有煩惱，配上一點特意的小確幸，這一刻只屬於你...,我的微醺夜
Escape,https://open.spotify.com/track/0Rio1XB0bbSmUXSMZdwBx2,Malleable EP,https://open.spotify.com/album/5YYiz5bHi70KHeaMJwbIXw,Max Leone,https://open.spotify.com/artist/4VrJDwgmhD1aIenZwn7JpE,2022-06-20,195168,2022-06-09,試著拋開所有煩惱，配上一點特意的小確幸，這一刻只屬於你...,我的微醺夜
every scent,https://open.spotify.com/track/3CFqwu9NINgqvtc0W5AiKl,every scent,https://open.spotify.com/album/3iQbcXxsmpGZRxQlr5ntwX,Yokin,https://open.spotify.com/artist/3MXt6F8yjXrMeqgPpfcJuE,2025-02-24,251727,2022-06-09,試著拋開所有煩惱，配上一點特意的小確幸，這一刻只屬於你...,我的微醺夜
Eyes,https://open.spotify.com/track/4dxtD1otvF1JdycGwCK9ns,Vivid,https://open.spotify.com/album/6xdFPvtm4YKclLHnWxFLJM,"August Wahh, Ashley Henry","https://open.spotify.com/artist/4NsvRUCOVV4KrWRfF65Rcj, https://open.spotify.com/artist/64bpQRbx4Nw2r7oIg1SAzw",2022-06-06,178635,2022-06-09,試著拋開所有煩惱，配上一點特意的小確幸，這一刻只屬於你...,我的微醺夜
Fair,https://open.spotify.com/track/1SlGaBvTqX0gb24ouXonOo,Fair,https://open.spotify.com/album/4x3ZBZ3p7pi1UTLVldx7YF,Normani,https://open.spotify.com/artist/2cWZOOzeOm4WmBJRnD5R7I,2022-07-25,184012,2022-06-09,試著拋開所有煩惱，配上一點特意的小確幸，這一刻只屬於你...,我的微醺夜
Faith,https://open.spotify.com/track/3Eyxdb616hFs6RvXSMijws,Faith,https://open.spotify.com/album/39F1cSVHjpRIB5cCfOR2ou,Linying,https://open.spotify.com/artist/5IIP34JBy1d8kBYlAGnRaW,2022-06-06,188817,2022-06-09,試著拋開所有煩惱，配上一點特意的小確幸，這一刻只屬於你...,我的微醺夜
Falling In Love,https://open.spotify.com/track/0O0bttAxJKKWqAqY2Nq4mC,Cry,https://open.spotify.com/album/4uQ5kFmXQdCxz3WvM4UUzy,Cigarettes After Sex,https://open.spotify.com/artist/1QAJqy2dA3ihHBFIHRphZj,2023-09-18,245840,2022-06-09,試著拋開所有煩惱，配上一點特意的小確幸，這一刻只屬於你...,我的微醺夜
Falling In Love,https://open.spotify.com/track/1eoC1H5GBM9IikwdHxsdhJ,Falling In Love,https://open.spotify.com/album/4rcgLAYSMhKWeUSuJaEO9u,Cigarettes After Sex,https://open.spotify.com/artist/1QAJqy2dA3ihHBFIHRphZj,2022-06-06,245840,2022-06-09,試著拋開所有煩惱，配上一點特意的小確幸，這一刻只屬於你...,我的微醺夜
Falling In Love,https://open.spotify.com/track/2x2x2U3sAv6IP7O0F9zEvc,Falling In Love,https://open.spotify.com/album/4h00nTNYLaUNRJ9wulDJ4n,Cigarettes After Sex,https://open.spotify.com/artist/1QAJqy2dA3ihHBFIHRphZj,2022-10-24,245840,2022-06-09,試著拋開所有煩惱，配上一點特意的小確幸，這一刻只屬於你...,我的微醺夜
Falling In Love,https://open.spotify.com/track/4m1jesCFX1gQtIRFirfwCW,Cry,https://open.spotify.com/album/6fUVptFdeOgcqDvCZzM2kC,Cigarettes After Sex,https://open.spotify.com/artist/1QAJqy2dA3ihHBFIHRphZj,2022-07-25,245840,2022-06-09,試著拋開所有煩惱，配上一點特意的小確幸，這一刻只屬於你...,我的微醺夜
Falling Over You,https://open.spotify.com/track/5r7883oy65HNZZNvmfkLhn,Falling Over You,https://open.spotify.com/album/7859QOupXK4fxTzRcNBNKh,Elang Defrianto,https://open.spotify.com/artist/2GaPhI05VetWfykxH7L3oP,2022-06-06,244778,2022-06-09,試著拋開所有煩惱，配上一點特意的小確幸，這一刻只屬於你...,我的微醺夜
fear,https://open.spotify.com/track/1XN2yiXTdzxkbVpZIRvVKW,fear,https://open.spotify.com/album/7Frn836fSlCVxUmjdAYyQW,"Cravism, Maya Diegel","https://open.spotify.com/artist/5VJEmiTk1xkj60ts3ZmoHf, https://open.spotify.com/artist/3hzkGIJ8l5mkn2L7XhSCxW",2022-06-13,122044,2022-06-09,試著拋開所有煩惱，配上一點特意的小確幸，這一刻只屬於你...,我的微醺夜
Feel A Way,https://open.spotify.com/track/0Nt3UdaA4KrHEUSNwq9nCI,I Used To Know Her,https://open.spotify.com/album/0IMTA2Wz6p8CNZ0MDK2zvg,H.E.R.,https://open.spotify.com/artist/3Y7RZ31TRPVadSFVy1o8os,2022-07-25,208053,2022-06-09,試著拋開所有煩惱，配上一點特意的小確幸，這一刻只屬於你...,我的微醺夜
Feels,https://open.spotify.com/track/4BOikd4oZjOYMde9AXfrTo,While We Wait,https://open.spotify.com/album/73ZvpuYhKDr2FW4vlPsTpW,Kehlani,https://open.spotify.com/artist/0cGUm45nv7Z6M6qdXYQGTX,2022-07-25,181140,2022-06-09,試著拋開所有煩惱，配上一點特意的小確幸，這一刻只屬於你...,我的微醺夜
Feels (feat. Khalid),https://open.spotify.com/track/6LZ9FO9UsGIcTKbShnfNsG,Feels (feat. Khalid),https://open.spotify.com/album/7zbaDQ3uGL5GyIyeUVkktz,"WATTS, Khalid","https://open.spotify.com/artist/4B3aifxHtpcKHuNi12lmSt, https://open.spotify.com/artist/6LuN9FCkKOj5PcnpouEgny",2022-06-06,221974,2022-06-09,試著拋開所有煩惱，配上一點特意的小確幸，這一刻只屬於你...,我的微醺夜
Feels So Good ◑,https://open.spotify.com/track/0NdAh5vk2C5hVNy54043lj,Love Me / Love Me Not,https://open.spotify.com/album/0fwZXPXf41aF6H0CN3UtXV,"HONNE, Anna of the North","https://open.spotify.com/artist/0Vw76uk7P8yVtTClWyOhac, https://open.spotify.com/artist/1mSJCvDX0W7Dn7S9C6vmvI",2022-07-25,228389,2022-06-09,試著拋開所有煩惱，配上一點特意的小確幸，這一刻只屬於你...,我的微醺夜
Figure Out (feat. JAIE),https://open.spotify.com/track/0VRbh9c002tLmNm4G1nhWN,Figure Out (feat. JAIE),https://open.spotify.com/album/00lQadmdVTecUp147ww5NN,"JAWN, JAIE","https://open.spotify.com/artist/2yRfs4MG77gLXamZ5RsVRE, https://open.spotify.com/artist/74Zk4BaTpscIf6k04UoCds",2022-06-06,234000,2022-06-09,試著拋開所有煩惱，配上一點特意的小確幸，這一刻只屬於你...,我的微醺夜
Firebabe,https://open.spotify.com/track/0IkcOWI1DIFM2L6kIukxr4,Firebabe,https://open.spotify.com/album/4VKvqrfZFcNM28kXsbTwcz,"Stormzy, Debbie","https://open.spotify.com/artist/2SrSdSvpminqmStGELCSNd, https://open.spotify.com/artist/36qFUmqGdV8FYYhXIDhc17",2022-11-14,220346,2022-06-09,試著拋開所有煩惱，配上一點特意的小確幸，這一刻只屬於你...,我的微醺夜
fooled me,https://open.spotify.com/track/6Lm144Xy0M9HcLYIzq6ngh,fooled me,https://open.spotify.com/album/3tPyajc2IXyzEXk0lODMIQ,Talitha.,https://open.spotify.com/artist/4wkxDp8esk6g2W9Fw7IQGY,2022-06-06,194175,2022-06-09,試著拋開所有煩惱，配上一點特意的小確幸，這一刻只屬於你...,我的微醺夜
Forever,https://open.spotify.com/track/7otwxbmB0dVdjdOAhOmUG6,Forever,https://open.spotify.com/album/5zk4TC5hFLU8psFiQl8A5S,GANGGA,https://open.spotify.com/artist/4nd1IvFkUoQinjvYdUmOBI,2022-06-27,253927,2022-06-09,試著拋開所有煩惱，配上一點特意的小確幸，這一刻只屬於你...,我的微醺夜
Free Form,https://open.spotify.com/track/04qxabD9hKT45HsrOQqdVg,Wave002,https://open.spotify.com/album/1YdM5ZC57DMiQLAvsIWwAU,Alex Lustig,https://open.spotify.com/artist/5oLxJrktO7kOEJANS6nkZB,2022-07-25,167766,2022-06-09,試著拋開所有煩惱，配上一點特意的小確幸，這一刻只屬於你...,我的微醺夜
From You,https://open.spotify.com/track/3Qfqbu22C7aK2MuWBSnM5A,From You,https://open.spotify.com/album/7CynwysFOxoGWp1QLAB6uZ,"Bonobo, Joji","https://open.spotify.com/artist/0cmWgDlu9CwTgxPhf403hb, https://open.spotify.com/artist/3MZsBdqDrRTJihTHQrO6Dq",2022-07-25,210280,2022-06-09,試著拋開所有煩惱，配上一點特意的小確幸，這一刻只屬於你...,我的微醺夜
Fuck Love,https://open.spotify.com/track/32p7kD1kyWiy78wuQoICRu,Serpentina,https://open.spotify.com/album/0YM67c7AYsZkvCSpPoYrFJ,BANKS,https://open.spotify.com/artist/2xe8IXgCTpwHE3eA9hTs4n,2022-07-25,169818,2022-06-09,試著拋開所有煩惱，配上一點特意的小確幸，這一刻只屬於你...,我的微醺夜
fue mejor (feat. SZA),https://open.spotify.com/track/1CrPPsibP3uTc3DSI5vQC5,fue mejor (feat. SZA),https://open.spotify.com/album/5h23sIlF1FvjdIdcJofXlI,"Kali Uchis, SZA","https://open.spotify.com/artist/1U1el3k54VvEUzo3ybLPlM, https://open.spotify.com/artist/7tYKF4w9nC0nq9CsPZTHyP",2022-07-25,230964,2022-06-09,試著拋開所有煩惱，配上一點特意的小確幸，這一刻只屬於你...,我的微醺夜
Fun & Games,https://open.spotify.com/track/6VwhcibBIBydEwl7QYlEeY,The Melting Love,https://open.spotify.com/album/79hwjx3R5XzjzOxN8HwG95,Will Mara,https://open.spotify.com/artist/5NxczTw9yZIX62WvzQ24mF,2022-07-11,196040,2022-06-09,試著拋開所有煩惱，配上一點特意的小確幸，這一刻只屬於你...,我的微醺夜
Gemini,https://open.spotify.com/track/4Ee6U7RE2UlASqfb2s4MDv,POV: The Prelude,https://open.spotify.com/album/3RlmjNWumLAR4b8yvBElEI,Jinan Laetitia,https://open.spotify.com/artist/0BCK8dKHWITYcDo06Fuxth,2022-06-06,203482,2022-06-09,試著拋開所有煩惱，配上一點特意的小確幸，這一刻只屬於你...,我的微醺夜
Get You The Moon (feat. Snøw),https://open.spotify.com/track/4ZLzoOkj0MPWrTLvooIuaa,Get You The Moon (feat. Snøw),https://open.spotify.com/album/5LZSpPoBVBsh6kRSEKfPQ8,"Kina, Snøw","https://open.spotify.com/artist/4qIVPF0s71ZYW3qzhu5GkF, https://open.spotify.com/artist/5fSVkkuijRIpxuvSqysYiP",2022-07-25,179080,2022-06-09,試著拋開所有煩惱，配上一點特意的小確幸，這一刻只屬於你...,我的微醺夜
Give It Away,https://open.spotify.com/track/2dYexYOVMItMNUvGXl4gtR,Simple Things,https://open.spotify.com/album/1VRBB9iu84o3g16CczH9iH,Zero 7,https://open.spotify.com/artist/14H7ag1wpQOsPPQJOD6Dqr,2024-01-29,317400,2022-06-09,試著拋開所有煩惱，配上一點特意的小確幸，這一刻只屬於你...,我的微醺夜
God Must Be Doing Cocaine,https://open.spotify.com/track/4pBsg7FS4R99zk55McLRIy,God Must Be Doing Cocaine,https://open.spotify.com/album/0zwnrv2ORP7m2TScw0Yyq7,Charlotte Lawrence,https://open.spotify.com/artist/7LImGq5KnzQobZciDJpeJb,2024-04-08,194755,2022-06-09,試著拋開所有煩惱，配上一點特意的小確幸，這一刻只屬於你...,我的微醺夜
Gone,https://open.spotify.com/track/1wFwyUWoNFdr0Fl0QygxZ2,Gone,https://open.spotify.com/album/6v6x88d6F3VhxiCL6j4Qhn,Jorja Smith,https://open.spotify.com/artist/1CoZyIx7UvdxT5c8UkMzHd,2022-07-25,195275,2022-06-09,試著拋開所有煩惱，配上一點特意的小確幸，這一刻只屬於你...,我的微醺夜
Gone 2 Long,https://open.spotify.com/track/0V6p1at8MSW6WEhSp5EzVG,Gone 2 Long,https://open.spotify.com/album/7qMx6YrIMl5XjjZLRyR9OZ,PRETTYMUCH,https://open.spotify.com/artist/5Y8eJDj37KhaEeqbVO7Ag1,2022-07-25,195013,2022-06-09,試著拋開所有煩惱，配上一點特意的小確幸，這一刻只屬於你...,我的微醺夜
Good & Plenty,https://open.spotify.com/track/1VAKnb1btGrQXcVZVSRkPe,Good & Plenty,https://open.spotify.com/album/53FhNZMrcBim6Ec9mp8ifl,"Alex Isley, Masego, Jack Dine","https://open.spotify.com/artist/7E2ioKxoxI2J94tUkIx6As, https://open.spotify.com/artist/3ycxRkcZ67ALN3GQJ57Vig, https://open.spotify.com/artist/2NWuUOptHRTogSZghYspAE",2022-07-25,204705,2022-06-09,試著拋開所有煩惱，配上一點特意的小確幸，這一刻只屬於你...,我的微醺夜
"goodnight, don’t wait",https://open.spotify.com/track/4TfFa0wkZiHR8TGbYpELna,willow tree,https://open.spotify.com/album/12vbr4MN4nwzxxLgh3VfiH,cehryl,https://open.spotify.com/artist/0bBrsS9ufPAmeFQgDNG54O,2024-06-09,203573,2022-06-09,試著拋開所有煩惱，配上一點特意的小確幸，這一刻只屬於你...,我的微醺夜
Grateful,https://open.spotify.com/track/7mvma3mO5hSyhVbJDXxtFz,Grateful,https://open.spotify.com/album/2PLznXIZ3amppNBiPoMFvs,Mahalia,https://open.spotify.com/artist/16rCzZOMQX7P8Kmn5YKexI,2022-07-25,185991,2022-06-09,試著拋開所有煩惱，配上一點特意的小確幸，這一刻只屬於你...,我的微醺夜
He Don't Love Me,https://open.spotify.com/track/1WOhefCemfefOtVkTLh6bl,Island of the Sun,https://open.spotify.com/album/09ueWCq40PyJSmgxxMqIVD,Winona Oak,https://open.spotify.com/artist/3XC57xz74X3xUi1hv4mge1,2022-07-25,210906,2022-06-09,試著拋開所有煩惱，配上一點特意的小確幸，這一刻只屬於你...,我的微醺夜
Headspace,https://open.spotify.com/track/734yyCxl7ZrRPTnRqbjB4q,Headspace,https://open.spotify.com/album/1jydzncxz7Doio6O1OccUv,liesl-mae,https://open.spotify.com/artist/2PSBYmtNWEm9f8VOSCFFX0,2022-06-06,187131,2022-06-09,試著拋開所有煩惱，配上一點特意的小確幸，這一刻只屬於你...,我的微醺夜
Heart of Mine,https://open.spotify.com/track/4HJwDpcBcr8CcuPED5UunP,Heart of Mine,https://open.spotify.com/album/4Wxs9jEq4dwPFd5iLdwBHj,Kuizz,https://open.spotify.com/artist/6x8oQWq0xiL4aIJTXCUx7u,2022-06-13,171701,2022-06-09,試著拋開所有煩惱，配上一點特意的小確幸，這一刻只屬於你...,我的微醺夜
Heat,https://open.spotify.com/track/1WMgD7XURLt8bb5p8uM2Pj,breathe.,https://open.spotify.com/album/29l6kAoHxTK5vYF5fsbiRs,"breathe., L.A. Rose","https://open.spotify.com/artist/6XrEYPg6rrQMV4GKabTxbE, https://open.spotify.com/artist/0gKIGwEwHA8mOrLyzbRAjr",2023-11-20,190075,2022-06-09,試著拋開所有煩惱，配上一點特意的小確幸，這一刻只屬於你...,我的微醺夜
Heat,https://open.spotify.com/track/02RqY5iTPIVXmiHCwnWyEk,Heat,https://open.spotify.com/album/11UumVLKD0DqPUpxA4udNX,L.A. Rose,https://open.spotify.com/artist/0gKIGwEwHA8mOrLyzbRAjr,2022-08-15,190075,2022-06-09,試著拋開所有煩惱，配上一點特意的小確幸，這一刻只屬於你...,我的微醺夜
Heat,https://open.spotify.com/track/7hn5uXhjeHwGWbqCPdBtwY,Heat,https://open.spotify.com/album/6NQYvAcFnLvL3c7dk0HngW,"L.A. Rose, breathe.","https://open.spotify.com/artist/0gKIGwEwHA8mOrLyzbRAjr, https://open.spotify.com/artist/6XrEYPg6rrQMV4GKabTxbE",2023-07-24,190075,2022-06-09,試著拋開所有煩惱，配上一點特意的小確幸，這一刻只屬於你...,我的微醺夜
heights,https://open.spotify.com/track/5BUG8bEiTNV44s2SCFML0V,heights,https://open.spotify.com/album/3gcAlGXMz9NQnIu2Hl4g2j,53 Thieves,https://open.spotify.com/artist/4IwM0dNvhWqqtsTyulxe2K,2022-08-01,231910,2022-06-09,試著拋開所有煩惱，配上一點特意的小確幸，這一刻只屬於你...,我的微醺夜
Hell or Heaven,https://open.spotify.com/track/34gJMMpzslquGwCDq0bLe1,Hell or Heaven,https://open.spotify.com/album/4HX87TyD4akOXBqt73bb50,Lara D.,https://open.spotify.com/artist/2rkA2RE0iabEZmEx5QNxtX,2022-06-06,206602,2022-06-09,試著拋開所有煩惱，配上一點特意的小確幸，這一刻只屬於你...,我的微醺夜
"Hello, I said",https://open.spotify.com/track/59lb6OBjbZx9Tam2scSnbx,"Hello, I said",https://open.spotify.com/album/4bNKNSX4l2cIRlxp0l12fH,Diana Wang,https://open.spotify.com/artist/6qMCbcnBinopCiiCrKQlF3,2022-06-06,156729,2022-06-09,試著拋開所有煩惱，配上一點特意的小確幸，這一刻只屬於你...,我的微醺夜
Hold Me Like A Summer,https://open.spotify.com/track/7mE4jzo38u1LhriLyqT6SR,Hold Me Like A Summer,https://open.spotify.com/album/57VIsBCsuxjam0CzdTBiUQ,Vancouver Sleep Clinic,https://open.spotify.com/artist/77BznF1Dr1k5KyEZ6Nn3jB,2023-09-04,191551,2022-06-09,試著拋開所有煩惱，配上一點特意的小確幸，這一刻只屬於你...,我的微醺夜
Holding the Gun,https://open.spotify.com/track/4Hs7FS8jNNReipDe6SDpwz,Truth Is,https://open.spotify.com/album/4vfE56g4oK4p8VVx7pThrU,Sabrina Claudio,https://open.spotify.com/artist/30DhU7BDmF4PH0JVhu8ZRg,2022-10-10,188478,2022-06-09,試著拋開所有煩惱，配上一點特意的小確幸，這一刻只屬於你...,我的微醺夜
Hollow,https://open.spotify.com/track/40jgQMxu1yaQkIRblyswIM,Hollow,https://open.spotify.com/album/3MoWDXRBliC5gCdy7n6nFy,"Katz, Charlie Lim","https://open.spotify.com/artist/3g9k2cNSlZn5zbRT2l671q, https://open.spotify.com/artist/3FodFdWfVWIiER6Cv6YVVQ",2022-06-06,202876,2022-06-09,試著拋開所有煩惱，配上一點特意的小確幸，這一刻只屬於你...,我的微醺夜
hometonone,https://open.spotify.com/track/2r3QRuErB1Lgck5CqI2KH4,hometonone,https://open.spotify.com/album/1uadeW46GYVBfUsqtK45in,noui,https://open.spotify.com/artist/3NNLu9Wli3fbZW22xzN08B,2022-06-06,178125,2022-06-09,試著拋開所有煩惱，配上一點特意的小確幸，這一刻只屬於你...,我的微醺夜
honeymoon - Spotify Singles,https://open.spotify.com/track/1HF4nVwcWoLIIE6vyyuwcP,Spotify Singles,https://open.spotify.com/album/3rYLPJVwn2FzXnG5oI6noQ,brb.,https://open.spotify.com/artist/2XBiI8PjCnjJ3XKWtiKcvc,2024-09-02,173949,2022-06-09,試著拋開所有煩惱，配上一點特意的小確幸，這一刻只屬於你...,我的微醺夜
Hue,https://open.spotify.com/track/5uvmQ8YPZgdvgcK2HPG1PP,Hue,https://open.spotify.com/album/0rPUtK4S7CrYaLK88ftb1i,August Wahh,https://open.spotify.com/artist/4NsvRUCOVV4KrWRfF65Rcj,2022-06-27,172000,2022-06-09,試著拋開所有煩惱，配上一點特意的小確幸，這一刻只屬於你...,我的微醺夜
Human Nature,https://open.spotify.com/track/3t52A63M852sUyVOYWPheG,GRADIENT,https://open.spotify.com/album/57nzYauMih1wJFVYtIXQ5g,Josh Makazo,https://open.spotify.com/artist/6xx5onyQzBbqxee5Ogqouv,2023-12-04,177777,2022-06-09,試著拋開所有煩惱，配上一點特意的小確幸，這一刻只屬於你...,我的微醺夜
I Don't Wanna Go,https://open.spotify.com/track/7tVtcdrkn4jXgRwVELs5vg,I Don't Wanna Go,https://open.spotify.com/album/6emngssZDyoa11zo4WDx7G,"Route 83, Kurt Fick","https://open.spotify.com/artist/5uppePcM1uv6mrpw29yEds, https://open.spotify.com/artist/5dYMPia3Y7276RzDi1gMSE",2022-06-06,219428,2022-06-09,試著拋開所有煩惱，配上一點特意的小確幸，這一刻只屬於你...,我的微醺夜
I Know (with Timothy Adams),https://open.spotify.com/track/5oTJfzr9pZUL3RbjTsBqIL,I Know (with Timothy Adams),https://open.spotify.com/album/0vk3FXwatjbovun8nJwfUX,"Shyloh, Timothy Adams","https://open.spotify.com/artist/5H9CmuXeyRIyUMBbPKh2La, https://open.spotify.com/artist/4CacRYUQWxozQ2871wJaaR",2022-06-06,198400,2022-06-09,試著拋開所有煩惱，配上一點特意的小確幸，這一刻只屬於你...,我的微醺夜
I Want You Around,https://open.spotify.com/track/2VqKx3HH8gaZPabNWYvksy,"- Ugh, those feels again",https://open.spotify.com/album/42wtqDcTQlJJbUzAPBSwaK,Snoh Aalegra,https://open.spotify.com/artist/1A9o3Ljt67pFZ89YtPPL5X,2022-07-25,212787,2022-06-09,試著拋開所有煩惱，配上一點特意的小確幸，這一刻只屬於你...,我的微醺夜
I Want You Around,https://open.spotify.com/track/2gjidmxtA1pyj2HYrdOTG1,"- Ugh, those feels again",https://open.spotify.com/album/2OIMJ2Arm0dYpmWIfQOXTD,Snoh Aalegra,https://open.spotify.com/artist/1A9o3Ljt67pFZ89YtPPL5X,2022-10-10,212787,2022-06-09,試著拋開所有煩惱，配上一點特意的小確幸，這一刻只屬於你...,我的微醺夜
I WILL BE THE CAUSE OF OUR DEATH,https://open.spotify.com/track/2cKY2agDTAezOq1HZPOheC,I WILL BE THE CAUSE OF OUR DEATH,https://open.spotify.com/album/2Es4yinpnkszumajLeesGb,takeshi iwamoto,https://open.spotify.com/artist/28fZt7cLleTXJB9V8zDxE9,2022-06-06,222000,2022-06-09,試著拋開所有煩惱，配上一點特意的小確幸，這一刻只屬於你...,我的微醺夜
I Wouldn't Know Any Better Than You,https://open.spotify.com/track/3K8tRD2Prik7FXbD8lZ6DC,I Wouldn't Know Any Better Than You,https://open.spotify.com/album/1D9mUrKwbTyaurp4Y72NEj,Gentle Bones,https://open.spotify.com/artist/4jGPdu95icCKVF31CcFKbS,2022-06-06,151041,2022-06-09,試著拋開所有煩惱，配上一點特意的小確幸，這一刻只屬於你...,我的微醺夜
I'll Come Back to You,https://open.spotify.com/track/0vAZmBMWlpbEHf1Vk0FLMc,I'll Come Back to You,https://open.spotify.com/album/01ezCAKpdevX1bbGWlSdMA,"Fets, Lofi Fruits Music","https://open.spotify.com/artist/0GJ3FYu5TXpDjqvPs9iA4u, https://open.spotify.com/artist/1dABGukgZ8XKKOdd2rVSHM",2022-06-20,113045,2022-06-09,試著拋開所有煩惱，配上一點特意的小確幸，這一刻只屬於你...,我的微醺夜
I.L.Y.M,https://open.spotify.com/track/6CadGoWxbIJLMBqQFgaQgL,I.L.Y.M,https://open.spotify.com/album/1EHgOnmck78P8JwEOouH6G,YQ,https://open.spotify.com/artist/0YWzXzsfIPLUESrRyfXUyU,2022-06-06,198450,2022-06-09,試著拋開所有煩惱，配上一點特意的小確幸，這一刻只屬於你...,我的微醺夜
if it's with you,https://open.spotify.com/track/24zqBDy2Pg8ngi1Hc3uK2U,if it's with you,https://open.spotify.com/album/2bLMmJLLFBEzDEYwspVuYO,"evanturetime, Marian Carmel, Tim De Cotta","https://open.spotify.com/artist/07h1mcCInWa0LF0ZMzVQfa, https://open.spotify.com/artist/5Iyx1kSKoYvJz0gCrsFLW6, https://open.spotify.com/artist/0SFCGvh4sE1t6b2mTgpQ5D",2022-06-06,213975,2022-06-09,試著拋開所有煩惱，配上一點特意的小確幸，這一刻只屬於你...,我的微醺夜
If You Think It's Love,https://open.spotify.com/track/3iiL6merNpFNX1bny9sfvM,Cheap Queen,https://open.spotify.com/album/00uqjqwLruO346z3cNlNqG,King Princess,https://open.spotify.com/artist/6beUvFUlKliUYJdLOXNj9C,2022-07-25,203946,2022-06-09,試著拋開所有煩惱，配上一點特意的小確幸，這一刻只屬於你...,我的微醺夜
iFeel,https://open.spotify.com/track/5ed0x7s2O191nQ9gfmAhHM,iFeel,https://open.spotify.com/album/3pgkyPj3vSQ0TYCoGQJKaF,"((( O ))), FKJ","https://open.spotify.com/artist/5rBFU1rhgs1nNghopuj9k8, https://open.spotify.com/artist/2FwDTncULUnmANIh7qKa5z",2022-07-25,269638,2022-06-09,試著拋開所有煩惱，配上一點特意的小確幸，這一刻只屬於你...,我的微醺夜
iFeel,https://open.spotify.com/track/5sOft06wJLNSza2YwnE2MO,((( 2 ))),https://open.spotify.com/album/3Oek1SjcuXDich2rfbRipZ,"((( O ))), FKJ","https://open.spotify.com/artist/5rBFU1rhgs1nNghopuj9k8, https://open.spotify.com/artist/2FwDTncULUnmANIh7qKa5z",2022-10-10,269638,2022-06-09,試著拋開所有煩惱，配上一點特意的小確幸，這一刻只屬於你...,我的微醺夜
Ikhlas,https://open.spotify.com/track/4l6kxQ8DF4WGinhZJEX8mo,buangan,https://open.spotify.com/album/5YEfYIYoE7V9nHeC9k42oA,BAP.,https://open.spotify.com/artist/1C844mwQd4BOI6pJSgxfiC,2023-10-30,133161,2022-06-09,試著拋開所有煩惱，配上一點特意的小確幸，這一刻只屬於你...,我的微醺夜
In My Mind,https://open.spotify.com/track/2W779g2UrRZtVdf3FcEOO1,In My Mind,https://open.spotify.com/album/4uLn2Ci7bNaHSZ0tBHYlxt,Lyn Lapid,https://open.spotify.com/artist/4pfy05cNNTacuOQ6SiSu4v,2022-06-13,162794,2022-06-09,試著拋開所有煩惱，配上一點特意的小確幸，這一刻只屬於你...,我的微醺夜
Inconclusive,https://open.spotify.com/track/36eL5WspHbKllchxJNyA6B,Inconclusive,https://open.spotify.com/album/4AOF4unCnC2kmvel7UTHd5,"Joel See, Kara Etta","https://open.spotify.com/artist/44DkJ4VKIXuLWfpyL9Tbps, https://open.spotify.com/artist/7tsHFYI6VCAQx7OOQN6TsN",2022-06-13,214010,2022-06-09,試著拋開所有煩惱，配上一點特意的小確幸，這一刻只屬於你...,我的微醺夜
Infatuated,https://open.spotify.com/track/5metBY9o3NFrHGq38lBhsS,Infatuated,https://open.spotify.com/album/063f5CEuep3S8XuEEHxKAd,Rangga Jones,https://open.spotify.com/artist/330A2O2MYF4bWFjwM5PJ4z,2024-07-29,226714,2022-06-09,試著拋開所有煩惱，配上一點特意的小確幸，這一刻只屬於你...,我的微醺夜
Inkeri,https://open.spotify.com/track/18Xjl0R0TfUwJYIKOu9pCg,Oasis Sky,https://open.spotify.com/album/1fMJt0hbDIaB4RAQNODv10,Tor,https://open.spotify.com/artist/4dktzc5hWsQPqmovObGZIG,2022-07-25,202991,2022-06-09,試著拋開所有煩惱，配上一點特意的小確幸，這一刻只屬於你...,我的微醺夜
Introspection,https://open.spotify.com/track/5byMYiGxEFH2UzqNWOztGW,Introspection,https://open.spotify.com/album/6Aj5Kces1cuu0pJwQTk1DF,UMI,https://open.spotify.com/artist/4ClziihVpBeFXNyDH83Lde,2022-06-06,168906,2022-06-09,試著拋開所有煩惱，配上一點特意的小確幸，這一刻只屬於你...,我的微醺夜
IT'S NOT THAT SERIOUS,https://open.spotify.com/track/0L3KqlhJGIqpcX6eAC55rX,IT'S NOT THAT SERIOUS,https://open.spotify.com/album/3NxTfjuRvlRzNIEeCXPgNk,ASTN,https://open.spotify.com/artist/7zkwepHPyac6tCYl0fL0co,2022-07-25,140950,2022-06-09,試著拋開所有煩惱，配上一點特意的小確幸，這一刻只屬於你...,我的微醺夜
It's Not This,https://open.spotify.com/track/12ZC7GrMQNo6xXJdN89d8P,It's Not This,https://open.spotify.com/album/5XbxaUEQQ7jTJ5zBa19pjY,"Bearson, Lemaitre, josh pan","https://open.spotify.com/artist/3SPEPveuGIJZQPCHmNg4wg, https://open.spotify.com/artist/4CTKqs11Zgsv8EZTVzx764, https://open.spotify.com/artist/2sfSQ1BOzaFQa3LZj6OGwD",2023-10-30,190769,2022-06-09,試著拋開所有煩惱，配上一點特意的小確幸，這一刻只屬於你...,我的微醺夜
It's Not This,https://open.spotify.com/track/7HzrpdEZb4RU2sUGeERyUm,It's Not This,https://open.spotify.com/album/33mhKB7yhqqtP6JjPyXLu2,"Bearson, Lemaitre, josh pan","https://open.spotify.com/artist/3SPEPveuGIJZQPCHmNg4wg, https://open.spotify.com/artist/4CTKqs11Zgsv8EZTVzx764, https://open.spotify.com/artist/2sfSQ1BOzaFQa3LZj6OGwD",2022-07-25,190769,2022-06-09,試著拋開所有煩惱，配上一點特意的小確幸，這一刻只屬於你...,我的微醺夜
IT'S YOU (feat. keshi),https://open.spotify.com/track/1hWDc5jD5br9pXSOtubFlf,LOVE IN STEREO,https://open.spotify.com/album/2YyHBng4US9HBUJKpICmny,"MAX, keshi","https://open.spotify.com/artist/1bqxdqvUtPWZri43cKHac8, https://open.spotify.com/artist/3pc0bOVB5whxmD50W79wwO",2024-02-12,173426,2022-06-09,試著拋開所有煩惱，配上一點特意的小確幸，這一刻只屬於你...,我的微醺夜
IT'S YOU (feat. keshi),https://open.spotify.com/track/5SMCxRA6hB2jEhroaYfw6N,IT'S YOU (feat. keshi),https://open.spotify.com/album/1LtaBRxkVaAnoTSQQsWjJF,"MAX, keshi","https://open.spotify.com/artist/1bqxdqvUtPWZri43cKHac8, https://open.spotify.com/artist/3pc0bOVB5whxmD50W79wwO",2022-09-12,173426,2022-06-09,試著拋開所有煩惱，配上一點特意的小確幸，這一刻只屬於你...,我的微醺夜
Just a Phone Call Away,https://open.spotify.com/track/7gqq9KB1fvORR9dEWJ1y2F,Just a Phone Call Away,https://open.spotify.com/album/4Jz3byNMhYOY7eanWoj4aH,Lui Peng,https://open.spotify.com/artist/44ntLEmQVlftYGxgHgwxBJ,2022-06-06,155454,2022-06-09,試著拋開所有煩惱，配上一點特意的小確幸，這一刻只屬於你...,我的微醺夜
Keep Me Up,https://open.spotify.com/track/44Cqn7kPJ7ZdTIrgG7EFqE,Keep Me Up,https://open.spotify.com/album/27CHocZopHED9uvae877j3,Charlotte Lawrence,https://open.spotify.com/artist/7LImGq5KnzQobZciDJpeJb,2022-07-25,198359,2022-06-09,試著拋開所有煩惱，配上一點特意的小確幸，這一刻只屬於你...,我的微醺夜
Killing Me,https://open.spotify.com/track/5BhK8Mho223YLPQOLfzWNP,Ivory,https://open.spotify.com/album/5z7TD11Qh81Gbf52hd5zAv,Omar Apollo,https://open.spotify.com/artist/5FxD8fkQZ6KcsSYupDVoSO,2022-07-25,165320,2022-06-09,試著拋開所有煩惱，配上一點特意的小確幸，這一刻只屬於你...,我的微醺夜
Late (Again),https://open.spotify.com/track/0aj8PtJlkBz7Dbp1Yx0w9f,Late (Again),https://open.spotify.com/album/5sXWRGyWQL7kMXbqYl2ltR,vito.,https://open.spotify.com/artist/76qlBev2S8MtsJSHxEgoJ0,2022-06-06,115119,2022-06-09,試著拋開所有煩惱，配上一點特意的小確幸，這一刻只屬於你...,我的微醺夜
Late (Again),https://open.spotify.com/track/2hSjqnEeGoOQvCOnoMtXWE,Late (Again),https://open.spotify.com/album/1HG8JzEVxRXXl0MyYRjBLz,vito.,https://open.spotify.com/artist/76qlBev2S8MtsJSHxEgoJ0,2023-10-23,115119,2022-06-09,試著拋開所有煩惱，配上一點特意的小確幸，這一刻只屬於你...,我的微醺夜
Lava,https://open.spotify.com/track/2dIeraguJ8SoHDqXfSZelZ,Lately EP,https://open.spotify.com/album/4PeU1vYLxDKGzU3641YmFI,Still Woozy,https://open.spotify.com/artist/4iMO20EPodreIaEl8qW66y,2022-07-25,157303,2022-06-09,試著拋開所有煩惱，配上一點特意的小確幸，這一刻只屬於你...,我的微醺夜
leave before u do,https://open.spotify.com/track/7N0GPgqYKeHZAHF9xdUEOJ,leave before u do,https://open.spotify.com/album/4uA3nI3mp0ofapmuDqfPSh,翁靖堯yao,https://open.spotify.com/artist/6i8TiylkUFKqXajJM69a7N,2022-06-06,182115,2022-06-09,試著拋開所有煩惱，配上一點特意的小確幸，這一刻只屬於你...,我的微醺夜
Leave You Alone,https://open.spotify.com/track/0cNc0bSxmRVhAUJVYEd2Qk,Heart On My Sleeve,https://open.spotify.com/album/6p5jJLTFiYgk95HhW0unhy,Ella Mai,https://open.spotify.com/artist/7HkdQ0gt53LP4zmHsL0nap,2022-07-25,209133,2022-06-09,試著拋開所有煩惱，配上一點特意的小確幸，這一刻只屬於你...,我的微醺夜
Leave You Alone,https://open.spotify.com/track/63QC7HvgJXgH8udcfPqW7q,Leave You Alone,https://open.spotify.com/album/2kiSvbyjIZCsoSYw40josY,Ella Mai,https://open.spotify.com/artist/7HkdQ0gt53LP4zmHsL0nap,2024-09-02,209136,2022-06-09,試著拋開所有煩惱，配上一點特意的小確幸，這一刻只屬於你...,我的微醺夜
Left Me Here,https://open.spotify.com/track/0GYS6aXliGiTT199fCwDPA,Left Me Here,https://open.spotify.com/album/5kHkh2rrj6R4LRWrwZ4o8o,Pathetic Son,https://open.spotify.com/artist/2tNhMsqGA7GhBe9dbf8fYm,2022-06-06,197732,2022-06-09,試著拋開所有煩惱，配上一點特意的小確幸，這一刻只屬於你...,我的微醺夜
Lego Ring,https://open.spotify.com/track/3bGMtDPWFXqPM7QecjVHlG,Lego Ring,https://open.spotify.com/album/61ZY4FMQgChUDCXRJ4C4lz,"Faye Webster, Lil Yachty","https://open.spotify.com/artist/5szilpXHcwOqnyKLqGco5j, https://open.spotify.com/artist/6icQOAFXDZKsumw3YXyusw",2024-01-15,163228,2022-06-09,試著拋開所有煩惱，配上一點特意的小確幸，這一刻只屬於你...,我的微醺夜
Let Me Go,https://open.spotify.com/track/4AwJSk491AvHk2AAJReGzZ,Let Me Go,https://open.spotify.com/album/3jQtxhyRMPYcYcHvFhI05D,Daniel Caesar,https://open.spotify.com/artist/20wkVLutqVOYrc0kxFs7rA,2023-02-13,216524,2022-06-09,試著拋開所有煩惱，配上一點特意的小確幸，這一刻只屬於你...,我的微醺夜
letsnotcallitlove,https://open.spotify.com/track/0XwKXTgwaoh9Tr41AAm4kh,letsnotcallitlove,https://open.spotify.com/album/7oT3DRy4oHUsU9pAn1Yajh,"theodora, evanturetime","https://open.spotify.com/artist/0rvCOUI3i3QNNYiAQaWvql, https://open.spotify.com/artist/07h1mcCInWa0LF0ZMzVQfa",2022-06-06,172000,2022-06-09,試著拋開所有煩惱，配上一點特意的小確幸，這一刻只屬於你...,我的微醺夜
Light (with BENEE),https://open.spotify.com/track/65ZaStHQImXcy15M9pGFwL,Light (with BENEE),https://open.spotify.com/album/5BwsHPXhIgCCpQsa52CBPR,"Finn Falcon, BENEE","https://open.spotify.com/artist/65pTLeNkyT2ob7chnwRzcJ, https://open.spotify.com/artist/0Cp8WN4V8Tu4QJQwCN5Md4",2022-08-15,164000,2022-06-09,試著拋開所有煩惱，配上一點特意的小確幸，這一刻只屬於你...,我的微醺夜
Like Day,https://open.spotify.com/track/46Big8S0OY9mlJBI4DfLox,Like Day,https://open.spotify.com/album/6d9ChilohiP3UyqMY6ev6a,Cheri Indigo,https://open.spotify.com/artist/7xfSpg2jjE8rY2nFCWrM8S,2022-06-06,214500,2022-06-09,試著拋開所有煩惱，配上一點特意的小確幸，這一刻只屬於你...,我的微醺夜
Live or Die,https://open.spotify.com/track/0OiXVxQHUFxvYxQew4xyhD,Live or Die,https://open.spotify.com/album/2HwsBLoqCa1vUDwKU3km72,"Noah Cyrus, Lil Xan","https://open.spotify.com/artist/55fhWPvDiMpLnE4ZzNXZyW, https://open.spotify.com/artist/3EXdLajEO02ziZ90P90bSW",2022-07-25,194253,2022-06-09,試著拋開所有煩惱，配上一點特意的小確幸，這一刻只屬於你...,我的微醺夜
Lonely,https://open.spotify.com/track/7vyLtxhvxrmqQ0rhUDkzDs,Lonely,https://open.spotify.com/album/3AMdze7Q4rRbiinwPA47mY,daze,https://open.spotify.com/artist/3mNnPqsHVbJSTxQtD74z4Z,2022-07-04,216336,2022-06-09,試著拋開所有煩惱，配上一點特意的小確幸，這一刻只屬於你...,我的微醺夜
Long Gone,https://open.spotify.com/track/13RpoUelvsqdFyUUqZfxwo,Long Gone,https://open.spotify.com/album/49oTtc4LFmSrX6kpLVkKMk,Pauline Herr,https://open.spotify.com/artist/66VgJGpaRMwrNaS2MPqIDf,2022-06-06,220577,2022-06-09,試著拋開所有煩惱，配上一點特意的小確幸，這一刻只屬於你...,我的微醺夜
"Long Nights, Slow Mornings",https://open.spotify.com/track/2OUtGQvXdLW0QJ226AmOKv,It's Personal,https://open.spotify.com/album/7i3fjDLM0IUgQVewdDZitV,Raisa,https://open.spotify.com/artist/5OZXWMwDhlYBRvoOfcX0sk,2022-06-06,206083,2022-06-09,試著拋開所有煩惱，配上一點特意的小確幸，這一刻只屬於你...,我的微醺夜
Lost Cause,https://open.spotify.com/track/4191RXFPa7Ge9XkA4cWlna,Happier Than Ever,https://open.spotify.com/album/0JGOiO34nwfUdDrD612dOp,Billie Eilish,https://open.spotify.com/artist/6qqNVTkY8uBg9cP3Jd7DAH,2022-07-25,212496,2022-06-09,試著拋開所有煩惱，配上一點特意的小確幸，這一刻只屬於你...,我的微醺夜
Lost In Space,https://open.spotify.com/track/59vGBEz1TByo4BCuKFF8P0,Lost In Space,https://open.spotify.com/album/3mS5pfJvDStk99v0QRIsJH,Emmit Fenn,https://open.spotify.com/artist/3VVLqeEqQQqTgT8YhfY9Z6,2022-07-25,222813,2022-06-09,試著拋開所有煩惱，配上一點特意的小確幸，這一刻只屬於你...,我的微醺夜
Lost In Space,https://open.spotify.com/track/67ck64BdbfbWZDEcgNdP6a,Lost In Space,https://open.spotify.com/album/7EmlgPald7UuGDXgDXBYek,Emmit Fenn,https://open.spotify.com/artist/3VVLqeEqQQqTgT8YhfY9Z6,2023-03-20,222813,2022-06-09,試著拋開所有煩惱，配上一點特意的小確幸，這一刻只屬於你...,我的微醺夜
Love Hope Change,https://open.spotify.com/track/4xHul0lZ8qC7nNDgBjsJSM,1995,https://open.spotify.com/album/4Quvgrx92Y7qwsnLj2ht7l,Kruder & Dorfmeister,https://open.spotify.com/artist/39ywlwtGw8RTGobakgb11L,2024-04-08,281730,2022-06-09,試著拋開所有煩惱，配上一點特意的小確幸，這一刻只屬於你...,我的微醺夜
Love Me,https://open.spotify.com/track/4qgMPzf9QOETWQFUcFkHD4,Love Me,https://open.spotify.com/album/7hgekZLPc8OHgk8kAaPkel,RealestK,https://open.spotify.com/artist/35R1B97CfrqKFFI3QBkTDx,2022-07-25,207546,2022-06-09,試著拋開所有煩惱，配上一點特意的小確幸，這一刻只屬於你...,我的微醺夜
Love Pocket,https://open.spotify.com/track/1VmjjzWu2bfSzEDYoUskGR,Love Pocket,https://open.spotify.com/album/1AG0EVWWRdtX9o7hxEqRX0,SaraCortez,https://open.spotify.com/artist/6r14qqaIQA7lLEezQkQ8Hm,2022-06-06,175564,2022-06-09,試著拋開所有煩惱，配上一點特意的小確幸，這一刻只屬於你...,我的微醺夜
Lovers,https://open.spotify.com/track/3OxaSDrZktEd8yO94BYfle,Lovers,https://open.spotify.com/album/2GVugFYbeOHPmgAn88M7cu,NIGHTINGALE,https://open.spotify.com/artist/1BjY8OlzCH17snJo69ZGnc,2022-07-25,232941,2022-06-09,試著拋開所有煩惱，配上一點特意的小確幸，這一刻只屬於你...,我的微醺夜
lucid dreaming,https://open.spotify.com/track/152hTttqi4LSGHUZK5Q0qS,lucid dreaming,https://open.spotify.com/album/3yt5fkWOIs3IRQqUotKCgi,kessari,https://open.spotify.com/artist/72Hau0P2ZO2GA1LAXyypFh,2022-06-06,172941,2022-06-09,試著拋開所有煩惱，配上一點特意的小確幸，這一刻只屬於你...,我的微醺夜
Lucky,https://open.spotify.com/track/6MfrCyIyaYJbcB8FI7khMm,Lucky,https://open.spotify.com/album/5y1MlBMoNjtPW6NhJepXnX,Hurshel,https://open.spotify.com/artist/6z6uBfaMCKFCDIuHNYhRra,2022-06-06,90960,2022-06-09,試著拋開所有煩惱，配上一點特意的小確幸，這一刻只屬於你...,我的微醺夜
Mariners Apartment Complex,https://open.spotify.com/track/6OG05bPAwUuV3OMvy2Vy1P,Norman Fucking Rockwell!,https://open.spotify.com/album/5XpEKORZ4y6OrCZSKsi46A,Lana Del Rey,https://open.spotify.com/artist/00FQb4jTyendYWaN8pK0wa,2022-07-25,247150,2022-06-09,試著拋開所有煩惱，配上一點特意的小確幸，這一刻只屬於你...,我的微醺夜
Maybe Baby,https://open.spotify.com/track/2HltyHR6c797UOdw42knuC,Maybe Baby,https://open.spotify.com/album/0kwjPVEuW7YoMpeDCpd5Nw,Sade Susanto,https://open.spotify.com/artist/1yYhzl7KYtjfeMFqmocPt3,2022-06-06,158675,2022-06-09,試著拋開所有煩惱，配上一點特意的小確幸，這一刻只屬於你...,我的微醺夜
Medicate,https://open.spotify.com/track/3tDkSfjREVdnz1pXMUo2jK,Medicate,https://open.spotify.com/album/0dMwwd01RnTLQkAll7gPBe,Gavrielle,https://open.spotify.com/artist/3xgMsxKjHOB6X5cIwUJY0A,2022-06-06,214210,2022-06-09,試著拋開所有煩惱，配上一點特意的小確幸，這一刻只屬於你...,我的微醺夜
Memory,https://open.spotify.com/track/3kRKuPvYLW6CP8RFxSx3gi,Memory,https://open.spotify.com/album/7hPipLUUHA4frzZT851vqr,"Gessie, Kaiyo","https://open.spotify.com/artist/1PgSILQBVmWnIGkUlJlhsD, https://open.spotify.com/artist/6b8jf0tY9OjGS2zFcGex42",2022-06-13,164613,2022-06-09,試著拋開所有煩惱，配上一點特意的小確幸，這一刻只屬於你...,我的微醺夜
Mercury,https://open.spotify.com/track/2Bd0jr3pbK4UVGTH3M15kW,Mercury,https://open.spotify.com/album/0zfp672mAy0bues669Tc4i,Maccentus,https://open.spotify.com/artist/1nKcjWzQ2BXIEhnHGlHoh2,2022-06-06,143600,2022-06-09,試著拋開所有煩惱，配上一點特意的小確幸，這一刻只屬於你...,我的微醺夜
Message in a bottle,https://open.spotify.com/track/4onEVnBCmCJhP0H0ctqPLG,Message in a bottle,https://open.spotify.com/album/62jK0rJBJN3bJNF1fSdYqC,"Povi, Elijah Fox, Kiefer","https://open.spotify.com/artist/2So7IMAC8UNsbJ1qmOJD1B, https://open.spotify.com/artist/4Rus30xX4FOv2cyeFI79Qh, https://open.spotify.com/artist/5lDtfHPqWN6MG9tFywnW8J",2024-03-04,174667,2022-06-09,試著拋開所有煩惱，配上一點特意的小確幸，這一刻只屬於你...,我的微醺夜
"Mirror, Mirror on the Wall",https://open.spotify.com/track/3zUosQq3tfNqJT1fVIzNvc,"Mirror, Mirror on the Wall",https://open.spotify.com/album/4GxXqUC1qtV2i2Uy1lxoip,INDAHKUS,https://open.spotify.com/artist/1O4yyjVsY0VUpGMZiK7zNB,2022-06-06,228466,2022-06-09,試著拋開所有煩惱，配上一點特意的小確幸，這一刻只屬於你...,我的微醺夜
Moments,https://open.spotify.com/track/1AVL7qGcVJUOcfUdzpKbWa,Moments,https://open.spotify.com/album/7LjYerJoXPBFOqR6e9ROHf,Alextbh,https://open.spotify.com/artist/0kXDB5aeESWj5BD9TCLkMu,2022-06-06,169386,2022-06-09,試著拋開所有煩惱，配上一點特意的小確幸，這一刻只屬於你...,我的微醺夜
Moments Like These,https://open.spotify.com/track/690VYCFMFmzfEwVG2GUEzO,Breathe In,https://open.spotify.com/album/3YIwIViTyZ9mcdLaAVeFND,Beauty's Confusion,https://open.spotify.com/artist/4MxeVr8e4j2TOeq3cEEyBi,2024-10-07,294186,2022-06-09,試著拋開所有煩惱，配上一點特意的小確幸，這一刻只屬於你...,我的微醺夜
Moonlight,https://open.spotify.com/track/0Qc117NULtyGJEovqVl5lx,Moonlight,https://open.spotify.com/album/4zhxQLpyqo7xnKpFHOgJvw,"entoy, oze","https://open.spotify.com/artist/25OMfKk5AnZxUdzwDy3bOj, https://open.spotify.com/artist/629lX0tAfv9lHgedi8sJgL",2022-06-06,169687,2022-06-09,試著拋開所有煩惱，配上一點特意的小確幸，這一刻只屬於你...,我的微醺夜
More,https://open.spotify.com/track/6tsmt6CZClKqODnIhhl9Rb,More,https://open.spotify.com/album/0cJ68DbXfMr2upEU8JP0UZ,"MAJULAH WEEKENDER, Fauxe, Shye","https://open.spotify.com/artist/5QLgkIgeQXD67BvBMYXyDU, https://open.spotify.com/artist/6dvcG23IN4NjyLZ3nbKd6p, https://open.spotify.com/artist/1aqEk77J220IxgnGsgEz9T",2022-06-06,190000,2022-06-09,試著拋開所有煩惱，配上一點特意的小確幸，這一刻只屬於你...,我的微醺夜
Muse,https://open.spotify.com/track/5Jvw7jdQmO622XAjtxQ6H0,Muse,https://open.spotify.com/album/3aHINg5eCfOPl6GMDS3je8,"Mickeyleano, Jema","https://open.spotify.com/artist/6F5Rx2IqlhNXoIRLrVb9bH, https://open.spotify.com/artist/67FKMgdwLLDfGiQR7BUrJL",2022-06-06,195398,2022-06-09,試著拋開所有煩惱，配上一點特意的小確幸，這一刻只屬於你...,我的微醺夜
My Dream,https://open.spotify.com/track/0n6hyfHWcUktnmmIOJFp2D,My Dream,https://open.spotify.com/album/2kPTfyJIe5EVluRWipHW1K,hongjoin,https://open.spotify.com/artist/2zDF6PeSxBlLKma4IMAlLu,2024-04-08,199200,2022-06-09,試著拋開所有煩惱，配上一點特意的小確幸，這一刻只屬於你...,我的微醺夜
my future,https://open.spotify.com/track/2ygvZOXrIeVL4xZmAWJT2C,my future,https://open.spotify.com/album/3oxhQpF3Twbkl18oQYfnh5,Billie Eilish,https://open.spotify.com/artist/6qqNVTkY8uBg9cP3Jd7DAH,2022-07-25,208155,2022-06-09,試著拋開所有煩惱，配上一點特意的小確幸，這一刻只屬於你...,我的微醺夜
Naturally,https://open.spotify.com/track/2nQF3xgFXtXVUlaQNiUARI,Naturally,https://open.spotify.com/album/3iAuliy1vZqifIJEfXRbK3,Tinashe,https://open.spotify.com/artist/0NIIxcxNHmOoyBx03SfTCD,2022-07-25,194820,2022-06-09,試著拋開所有煩惱，配上一點特意的小確幸，這一刻只屬於你...,我的微醺夜
Neptune's Tune,https://open.spotify.com/track/591gRuB2AE1D60uGKwnR7g,Neptune's Tune,https://open.spotify.com/album/0x718KpPnXYjWVU0HWtw1r,"JVSAN, Naoe","https://open.spotify.com/artist/1xA9kgJzlNa0CRc5ddVeJc, https://open.spotify.com/artist/6kTBUVd2O5KmwemgbOxiyc",2022-06-06,221538,2022-06-09,試著拋開所有煩惱，配上一點特意的小確幸，這一刻只屬於你...,我的微醺夜
Never Gonna Let You Go,https://open.spotify.com/track/0Zvl8iBGLBuvGGcnGYQ8SU,Never Gonna Let You Go,https://open.spotify.com/album/4RwhhbU55IBxPdjyt25Ypa,Whoshafee,https://open.spotify.com/artist/6PMkmGQLEWSCCml7Z0KKkx,2022-06-06,200433,2022-06-09,試著拋開所有煩惱，配上一點特意的小確幸，這一刻只屬於你...,我的微醺夜
NOT TOO DEEP (feat. 6LACK),https://open.spotify.com/track/2u925ft5mxwxYLhMQ7Sr72,NOT TOO DEEP (feat. 6LACK),https://open.spotify.com/album/7vunoY8kfwitFWcNaPzqNj,"India Shawn, 6LACK","https://open.spotify.com/artist/7g0SC4F149FUX5rKFuSpqL, https://open.spotify.com/artist/4IVAbR2w4JJNJDDRFP3E83",2024-04-08,288412,2022-06-09,試著拋開所有煩惱，配上一點特意的小確幸，這一刻只屬於你...,我的微醺夜
Not Yet,https://open.spotify.com/track/2TGUncZhxM6rnndMwU6j52,Portals,https://open.spotify.com/album/5NvoRMuSGvnKBl8XnhreCZ,Jason Reeves,https://open.spotify.com/artist/4ISvSAA85lr3lDwpMEBNgS,2022-06-06,265540,2022-06-09,試著拋開所有煩惱，配上一點特意的小確幸，這一刻只屬於你...,我的微醺夜
Nothing,https://open.spotify.com/track/1lORkxEMmsCZqhoxcmk3A3,To Let A Good Thing Die,https://open.spotify.com/album/4NWvFq8Cst2Y5iHOouXtMz,Bruno Major,https://open.spotify.com/artist/0hDjKSKjl1DC7ovYTDJHe8,2022-10-10,162797,2022-06-09,試著拋開所有煩惱，配上一點特意的小確幸，這一刻只屬於你...,我的微醺夜
Nothing,https://open.spotify.com/track/2IAR0DziHCjSu16gR4ihvy,To Let A Good Thing Die,https://open.spotify.com/album/5ON0EY1YuVEJPwj17yYtwO,Bruno Major,https://open.spotify.com/artist/0hDjKSKjl1DC7ovYTDJHe8,2022-07-25,162797,2022-06-09,試著拋開所有煩惱，配上一點特意的小確幸，這一刻只屬於你...,我的微醺夜
Nothing,https://open.spotify.com/track/6AxRGtu8gdKPeynxdHsmzC,Nothing,https://open.spotify.com/album/6vxh3eBU46aqiwersrZ090,Bruno Major,https://open.spotify.com/artist/0hDjKSKjl1DC7ovYTDJHe8,2022-06-06,162797,2022-06-09,試著拋開所有煩惱，配上一點特意的小確幸，這一刻只屬於你...,我的微醺夜
Novacane,https://open.spotify.com/track/4dpB2DGhRfxbsbqCyxsKi1,Novacane,https://open.spotify.com/album/0N4lMcPnDAgXEXF0yVTdJ4,Alysha Ridwan,https://open.spotify.com/artist/2divqL5ztMYdbU8PguBHxC,2022-06-13,176128,2022-06-09,試著拋開所有煩惱，配上一點特意的小確幸，這一刻只屬於你...,我的微醺夜
Obsessive Pt. 3,https://open.spotify.com/track/3RowpO7Hoy22HNyzgJ3EVX,Obsessive Pt. 3,https://open.spotify.com/album/4HG0F63JddKjPX2kFv8Cai,"hohoman16, B-Heart, Aina Abdul, Hazel Leong","https://open.spotify.com/artist/7yV83KFDjcx1QREEzqPUKk, https://open.spotify.com/artist/3wkgUQe1MTMFJp6bv3YGcK, https://open.spotify.com/artist/48FNCGA8dKjcsfTO3TMcAV, https://open.spotify.com/artist/5Rr6ASQlBlBEEkUAuycQlu",2022-06-06,242757,2022-06-09,試著拋開所有煩惱，配上一點特意的小確幸，這一刻只屬於你...,我的微醺夜
Ocean,https://open.spotify.com/track/3hQKuj4sZ9L4Yn0RC2SIrI,Ocean,https://open.spotify.com/album/1FsZJRS7r5ed3FAXbnVbDh,Ella Vos,https://open.spotify.com/artist/2zmrsXMHxagFz6vI2cD7r6,2022-06-06,210503,2022-06-09,試著拋開所有煩惱，配上一點特意的小確幸，這一刻只屬於你...,我的微醺夜
Oceansize,https://open.spotify.com/track/37oz0tZXDhBDOzPSAvxX9W,Home Tapes,https://open.spotify.com/album/6ZGs1cTdS7wvHa10DicJuw,Oh Wonder,https://open.spotify.com/artist/5cIc3SBFuBLVxJz58W2tU9,2022-07-25,223160,2022-06-09,試著拋開所有煩惱，配上一點特意的小確幸，這一刻只屬於你...,我的微醺夜
Oceansize,https://open.spotify.com/track/3F3F2UtIm9wDUq6uPt42Jx,Home Tapes,https://open.spotify.com/album/1bb0l92MxpV8hzI1xSomcS,Oh Wonder,https://open.spotify.com/artist/5cIc3SBFuBLVxJz58W2tU9,2022-06-06,223160,2022-06-09,試著拋開所有煩惱，配上一點特意的小確幸，這一刻只屬於你...,我的微醺夜
Old Fashion Love,https://open.spotify.com/track/67XsleTtIj0qN1LcNfb9Jj,Old Fashion Love,https://open.spotify.com/album/0dGTETDU3SsDY3iIrXqGG0,Krista Monica,https://open.spotify.com/artist/0PC42l4h2xINrF0wCqX6zz,2022-12-12,209117,2022-06-09,試著拋開所有煩惱，配上一點特意的小確幸，這一刻只屬於你...,我的微醺夜
on you,https://open.spotify.com/track/4CCYQcTyXmbLxnDVr0K9Zx,on you,https://open.spotify.com/album/5DRjIq6NH1UaMAg9jYPvfk,"Talitha., Yewy","https://open.spotify.com/artist/4wkxDp8esk6g2W9Fw7IQGY, https://open.spotify.com/artist/2nvJsAEdxvSquFlHdYrhTq",2022-06-06,155042,2022-06-09,試著拋開所有煩惱，配上一點特意的小確幸，這一刻只屬於你...,我的微醺夜
Once More,https://open.spotify.com/track/1exDZN0zsfDpsIKamOqmSz,The Lost Petals,https://open.spotify.com/album/4YbgMvlvGC8FjzkSOLGgWC,d4vd,https://open.spotify.com/artist/5y8tKLUfMvliMe8IKamR32,2023-09-11,121695,2022-06-09,試著拋開所有煩惱，配上一點特意的小確幸，這一刻只屬於你...,我的微醺夜
One Conversation,https://open.spotify.com/track/0SGZVoQsEuOeEeKaeQpoZt,One Conversation,https://open.spotify.com/album/4zxn58VwU6cymtbP3zdGw7,Yung Bright,https://open.spotify.com/artist/0YnURC4kKD8ivGRxGKN5Hz,2022-06-13,176000,2022-06-09,試著拋開所有煩惱，配上一點特意的小確幸，這一刻只屬於你...,我的微醺夜
only in the night (feat. Sarcastic Sounds),https://open.spotify.com/track/3BFHMSEppgXLsFYpI61A4Z,only in the night (feat. Sarcastic Sounds),https://open.spotify.com/album/67bP9ZjrlpDrNFGMpf8rVn,"Kina, Sarcastic Sounds","https://open.spotify.com/artist/4qIVPF0s71ZYW3qzhu5GkF, https://open.spotify.com/artist/1bq8rqNnfrojn0OSAfeNXJ",2022-08-15,130369,2022-06-09,試著拋開所有煩惱，配上一點特意的小確幸，這一刻只屬於你...,我的微醺夜
Only You,https://open.spotify.com/track/7Fo4FSLIXIQ71RSzzrQEPq,Only You,https://open.spotify.com/album/27bRSjzXQUyYBFNstOtWHv,Fern.,https://open.spotify.com/artist/7KoTRIhjkIQy2L8RjWDpfF,2022-06-06,221425,2022-06-09,試著拋開所有煩惱，配上一點特意的小確幸，這一刻只屬於你...,我的微醺夜
Our Time,https://open.spotify.com/track/4ZcnCqkX0wn3uDY0sGUteG,Our Time is Blue,https://open.spotify.com/album/6y85v8s3kgIelDBcYroJgE,KATIE,https://open.spotify.com/artist/2nDC4PH8XE1gHeeAxVLXRO,2022-06-06,218266,2022-06-09,試著拋開所有煩惱，配上一點特意的小確幸，這一刻只屬於你...,我的微醺夜
Out Loud (feat. Kehlani),https://open.spotify.com/track/0P11qKeHWhUy0rDPeY8dyB,Broken Hearts Club,https://open.spotify.com/album/04xudYiCT2xyEVfF5Ov14Y,"Syd, Kehlani","https://open.spotify.com/artist/3jk39CGeaaSO3FPKNx1RUx, https://open.spotify.com/artist/0cGUm45nv7Z6M6qdXYQGTX",2022-07-11,203036,2022-06-09,試著拋開所有煩惱，配上一點特意的小確幸，這一刻只屬於你...,我的微醺夜
Out of My Mind,https://open.spotify.com/track/5NfVKqJQhRIluNHXvgtWNK,Wasting Away,https://open.spotify.com/album/5HcEKDA1oqtglt9Llh69KD,Yuna,https://open.spotify.com/artist/3kHVioJpVxlazAAKQ64pC1,2024-11-29,168956,2022-06-09,試著拋開所有煩惱，配上一點特意的小確幸，這一刻只屬於你...,我的微醺夜
Outgrown,https://open.spotify.com/track/4FhHveCp4LekuCDGPJxAhp,Amniotic (Deluxe Version),https://open.spotify.com/album/0t4Ik0UYACGKrHBQ74S3U7,Monolink,https://open.spotify.com/artist/2I4hRNCYkPKJQlkoEZKjYx,2022-07-25,274138,2022-06-09,試著拋開所有煩惱，配上一點特意的小確幸，這一刻只屬於你...,我的微醺夜
Pantone 17 13 30,https://open.spotify.com/track/2GeR7M97pCrWrMh8d6BlrF,Y1,https://open.spotify.com/album/0xlpkNFvbonkCBiAZu0AdM,Yuna,https://open.spotify.com/artist/3kHVioJpVxlazAAKQ64pC1,2022-06-06,186818,2022-06-09,試著拋開所有煩惱，配上一點特意的小確幸，這一刻只屬於你...,我的微醺夜
Play Me Something Nice,https://open.spotify.com/track/0dABwa1MAM9ABbZjNBpWSb,Play Me Something Nice,https://open.spotify.com/album/0HRXUt8FaXqFfzvYbH36Ho,Joesef,https://open.spotify.com/artist/28EyduqESEOVMO6vglvaUZ,2022-10-10,201301,2022-06-09,試著拋開所有煩惱，配上一點特意的小確幸，這一刻只屬於你...,我的微醺夜
Play Me Something Nice,https://open.spotify.com/track/4YEoimxmDNIwTDaG6jZmcg,Play Me Something Nice,https://open.spotify.com/album/2noMzRAfv6SQUWON9GfM5d,Joesef,https://open.spotify.com/artist/28EyduqESEOVMO6vglvaUZ,2022-07-25,201301,2022-06-09,試著拋開所有煩惱，配上一點特意的小確幸，這一刻只屬於你...,我的微醺夜
Playground Love,https://open.spotify.com/track/052z2UsE2wPrHsBJ9tly0g,The Virgin Suicides (Original Motion Picture Score),https://open.spotify.com/album/2E1q8eohZZ1BUQ7Bq5WUIY,"Air, Gordon Tracks","https://open.spotify.com/artist/1P6U1dCeHxPui5pIrGmndZ, https://open.spotify.com/artist/4DWl8U58uYeeTtlvbrLEY6",2024-09-16,211500,2022-06-09,試著拋開所有煩惱，配上一點特意的小確幸，這一刻只屬於你...,我的微醺夜
Pop Song,https://open.spotify.com/track/6tDbJIKGcfSWElhmtt6665,Ugly Season,https://open.spotify.com/album/6rFFWK98d8hhdSYgaOxI5L,Perfume Genius,https://open.spotify.com/artist/2ueoLVCXQ948OfhVvAy3Nn,2022-07-25,305186,2022-06-09,試著拋開所有煩惱，配上一點特意的小確幸，這一刻只屬於你...,我的微醺夜
Precious,https://open.spotify.com/track/12UXsRRYiWscqQWp4oV53F,Precious,https://open.spotify.com/album/4sguN40UxE3s6hCUhYaL23,JAIE,https://open.spotify.com/artist/74Zk4BaTpscIf6k04UoCds,2022-06-06,145333,2022-06-09,試著拋開所有煩惱，配上一點特意的小確幸，這一刻只屬於你...,我的微醺夜
Protection,https://open.spotify.com/track/3kKVqFF4pv4EXeQe428zl2,Protection,https://open.spotify.com/album/5CnZjFfPDmxOX7KnWLLqpC,"Massive Attack, Tracey Thorn","https://open.spotify.com/artist/6FXMGgJwohJLUSr5nVlf9X, https://open.spotify.com/artist/7xFnmid57ZE6iWEXdEXO3b",2024-05-27,471560,2022-06-09,試著拋開所有煩惱，配上一點特意的小確幸，這一刻只屬於你...,我的微醺夜
Queen Space (with Summer Walker),https://open.spotify.com/track/3Gz3Tl8TicQbsR0OGvmc6C,Queen Space (with Summer Walker),https://open.spotify.com/album/6juUcr1BHeBUg2ipoLI0mV,"Ari Lennox, Summer Walker","https://open.spotify.com/artist/1vaQ6v3pOFxAIrFoPrAcom, https://open.spotify.com/artist/57LYzLEk2LcFghVwuWbcuS",2022-09-05,230841,2022-06-09,試著拋開所有煩惱，配上一點特意的小確幸，這一刻只屬於你...,我的微醺夜
R.I.P. (feat. Trippie Redd),https://open.spotify.com/track/4HKWrGhNxub4PTLg5CM5fW,BALLADS 1,https://open.spotify.com/album/5mIImcsuqpiSXg8XvFr81I,"Joji, Trippie Redd","https://open.spotify.com/artist/3MZsBdqDrRTJihTHQrO6Dq, https://open.spotify.com/artist/6Xgp2XMz1fhVYe7i6yNAax",2024-01-22,158726,2022-06-09,試著拋開所有煩惱，配上一點特意的小確幸，這一刻只屬於你...,我的微醺夜
R.I.P. (feat. Trippie Redd),https://open.spotify.com/track/4wJ8dJKBAxdDe5cUx8K779,BALLADS 1,https://open.spotify.com/album/34GQP3dILpyCN018y2k61L,"Joji, Trippie Redd","https://open.spotify.com/artist/3MZsBdqDrRTJihTHQrO6Dq, https://open.spotify.com/artist/6Xgp2XMz1fhVYe7i6yNAax",2022-07-25,158726,2022-06-09,試著拋開所有煩惱，配上一點特意的小確幸，這一刻只屬於你...,我的微醺夜
Raindrops,https://open.spotify.com/track/3X95bvlwEInN3NML0QSSa1,Raindrops,https://open.spotify.com/album/6CzeG9L4qCY3Y8boHCXspa,Sezairi,https://open.spotify.com/artist/51sob9QZyfLff9XqvYluN5,2022-06-06,270360,2022-06-09,試著拋開所有煩惱，配上一點特意的小確幸，這一刻只屬於你...,我的微醺夜
Real,https://open.spotify.com/track/4RJYpycLbIWK8FQB16VnHZ,Real,https://open.spotify.com/album/44coZLCjYCsOWUogdZSIaG,ASTN,https://open.spotify.com/artist/7zkwepHPyac6tCYl0fL0co,2022-07-25,163146,2022-06-09,試著拋開所有煩惱，配上一點特意的小確幸，這一刻只屬於你...,我的微醺夜
Real,https://open.spotify.com/track/0vk4AYy92FJy72y2pQFWAJ,Real,https://open.spotify.com/album/1oz1E95l4lgqCxN2WRqDUC,ASTN,https://open.spotify.com/artist/7zkwepHPyac6tCYl0fL0co,2022-07-11,163151,2022-06-09,試著拋開所有煩惱，配上一點特意的小確幸，這一刻只屬於你...,我的微醺夜
Really Slo,https://open.spotify.com/track/5yHuaeu6RsISjzXzesbs6S,Really Slo,https://open.spotify.com/album/6he6Gowg65LBkLtdvP4kK7,Kyl Aries,https://open.spotify.com/artist/7JvaR4xEkJYoMUE1eMje0S,2022-06-06,218666,2022-06-09,試著拋開所有煩惱，配上一點特意的小確幸，這一刻只屬於你...,我的微醺夜
Reissues,https://open.spotify.com/track/4sxgweDT1cTr70Sfj5DLfH,Reissues,https://open.spotify.com/album/4S4kXQvqeurWZBrqbD7Ane,OJ Law,https://open.spotify.com/artist/6tjfwkm7IWjpqtMBWckfHd,2022-06-06,223826,2022-06-09,試著拋開所有煩惱，配上一點特意的小確幸，這一刻只屬於你...,我的微醺夜
Relationship Obsession,https://open.spotify.com/track/6w2dAI4lAxYWXwUlXIOn2T,Relationship Obsession,https://open.spotify.com/album/2itcfjdd0vwebx8MlcXmis,Calinn,https://open.spotify.com/artist/6SbqLtBLg1JMLhQWDt5r4E,2022-06-06,231497,2022-06-09,試著拋開所有煩惱，配上一點特意的小確幸，這一刻只屬於你...,我的微醺夜
Release,https://open.spotify.com/track/0P1Z6G1dnunmC5yc8zhkSx,Release,https://open.spotify.com/album/2oQeJ0UWEt58697cThIqlv,Soulful Ghosts,https://open.spotify.com/artist/3CfoYxHDFSqlGAHsXw3isu,2022-06-06,241864,2022-06-09,試著拋開所有煩惱，配上一點特意的小確幸，這一刻只屬於你...,我的微醺夜
Remember,https://open.spotify.com/track/0rCBbW26RIbOH4i1CHmxP3,Remember,https://open.spotify.com/album/29YT1RXwT1qtQFAw5PMmjL,Russ,https://open.spotify.com/artist/1z7b1Pr1rSlvWRzsW3HOrS,2022-07-25,199680,2022-06-09,試著拋開所有煩惱，配上一點特意的小確幸，這一刻只屬於你...,我的微醺夜
repeat,https://open.spotify.com/track/6P4jmwL4M4LSa4JWdgAPx2,repeat,https://open.spotify.com/album/2cCFHDzbTGF2rYjLNKEHV7,"LHRHND, Froya","https://open.spotify.com/artist/5Y4wI02HN3fDWmqO0OKGir, https://open.spotify.com/artist/1NNTp69Arw8ikxNNlKe8JI",2023-07-24,216521,2022-06-09,試著拋開所有煩惱，配上一點特意的小確幸，這一刻只屬於你...,我的微醺夜
Revenge Of The Number,https://open.spotify.com/track/1ScZSUcqKAYPoBhL8KL5pU,Numb,https://open.spotify.com/album/16TtKhePgbLxoqSOvJVQKu,Portishead,https://open.spotify.com/artist/6liAMWkVf5LH7YR9yfFy1Y,2023-10-16,202230,2022-06-09,試著拋開所有煩惱，配上一點特意的小確幸，這一刻只屬於你...,我的微醺夜
Ride,https://open.spotify.com/track/7fyVBKYJYMP42nNr9RFTAT,Ride,https://open.spotify.com/album/4w4qRzvzlZZE2QgMOm5ifs,HYBS,https://open.spotify.com/artist/4mr4X9nJC8DPlNukWbgAaI,2022-06-06,181622,2022-06-09,試著拋開所有煩惱，配上一點特意的小確幸，這一刻只屬於你...,我的微醺夜
Rock With You,https://open.spotify.com/track/3WDCJPeTF0nxYaGDazmBxV,Rock With You,https://open.spotify.com/album/2XG2MQWbgtMax6Inextxoi,Taite Imogen,https://open.spotify.com/artist/3mkzFWYCYAGqxo02F1trQL,2023-06-26,148148,2022-06-09,試著拋開所有煩惱，配上一點特意的小確幸，這一刻只屬於你...,我的微醺夜
roundabout,https://open.spotify.com/track/4My5qxutluZnhCiSz4mY92,roundabout,https://open.spotify.com/album/72JOBJj1vbLdTg0B2XVjwT,"fcj, Ivoris, Ryce","https://open.spotify.com/artist/1Nv875EklW8XLTduI6I3Js, https://open.spotify.com/artist/7wuKa2bUMTCPspwY00Erji, https://open.spotify.com/artist/0gKR8NI5vgeG9kCyt8q06v",2022-06-06,132931,2022-06-09,試著拋開所有煩惱，配上一點特意的小確幸，這一刻只屬於你...,我的微醺夜
Sailor,https://open.spotify.com/track/6AgOSBjpl8Xy8MabVdORG1,Sailor,https://open.spotify.com/album/19kgbFTPc81zIyqUzICzCQ,GAC (Gamaliél Audrey Cantika),https://open.spotify.com/artist/3YYdJZO7kX8nwDzN3YJzdW,2022-06-20,240852,2022-06-09,試著拋開所有煩惱，配上一點特意的小確幸，這一刻只屬於你...,我的微醺夜
Sanctuary,https://open.spotify.com/track/3xaugmCyXrVkrDTXbFkMW3,Sanctuary,https://open.spotify.com/album/1cjgTku8zcYVHRi8QQH1XI,Joji,https://open.spotify.com/artist/3MZsBdqDrRTJihTHQrO6Dq,2022-06-06,180018,2022-06-09,試著拋開所有煩惱，配上一點特意的小確幸，這一刻只屬於你...,我的微醺夜
Sanctuary,https://open.spotify.com/track/4VQH4VluDUOsOuDxccTeyN,Nectar,https://open.spotify.com/album/6gJ8VKn5PAFcCIVaf3B2uE,Joji,https://open.spotify.com/artist/3MZsBdqDrRTJihTHQrO6Dq,2024-01-22,180018,2022-06-09,試著拋開所有煩惱，配上一點特意的小確幸，這一刻只屬於你...,我的微醺夜
Say It,https://open.spotify.com/track/1ZbH2WzZhjiODZfsX2raPz,Say It,https://open.spotify.com/album/3wJIX9Azv22IAW2s2bkuZO,Christian Theseira,https://open.spotify.com/artist/3A1xszV6hJ3dQeL3WJWuWy,2022-06-06,213600,2022-06-09,試著拋開所有煩惱，配上一點特意的小確幸，這一刻只屬於你...,我的微醺夜
Scarred for Tryin.,https://open.spotify.com/track/5kC5BdfOeJfIytZy7LEFx3,Scarred for Tryin.,https://open.spotify.com/album/7AlzfjScA4BEiFXtya6ChF,Gen Neo,https://open.spotify.com/artist/6GvQJnPSXsAGPLRfoqfTfK,2024-04-01,187027,2022-06-09,試著拋開所有煩惱，配上一點特意的小確幸，這一刻只屬於你...,我的微醺夜
SCORPIO,https://open.spotify.com/track/7dWO43BlUXzAImVYT7i2Ss,SCORPIO,https://open.spotify.com/album/65le9QamYEtftvHtjeKHP0,KEYANA,https://open.spotify.com/artist/55xVPquXFuGsZjvx4i68GZ,2022-06-06,201864,2022-06-09,試著拋開所有煩惱，配上一點特意的小確幸，這一刻只屬於你...,我的微醺夜
Secrets,https://open.spotify.com/track/4tn5zAuILpz5GjsdoosU3G,Secrets,https://open.spotify.com/album/059780GUzrYPDmQF1tlsek,"Nomyn, Angelicca","https://open.spotify.com/artist/5VbsCwCoxtsC4nRCyLJveN, https://open.spotify.com/artist/5Jxv8p3dEf5cFKiDaNdvLP",2023-07-10,196989,2022-06-09,試著拋開所有煩惱，配上一點特意的小確幸，這一刻只屬於你...,我的微醺夜
seek,https://open.spotify.com/track/493vav5k6NZa9Alre82l7z,seek,https://open.spotify.com/album/64qXCWlGOwWxciqEPr3M2a,53 Thieves,https://open.spotify.com/artist/4IwM0dNvhWqqtsTyulxe2K,2024-07-15,170496,2022-06-09,試著拋開所有煩惱，配上一點特意的小確幸，這一刻只屬於你...,我的微醺夜
Seize The Day,https://open.spotify.com/track/04rz2UaJqbK4aUs7TSk7Sw,Seize The Day,https://open.spotify.com/album/56uC55DMbvL9l8dQAoszp5,"Wax Tailor, Charlotte Savary","https://open.spotify.com/artist/3qwxSif06Qwzykdln8ZGfG, https://open.spotify.com/artist/00iD8QRcuTSSKAhaFU1MOp",2024-05-06,161512,2022-06-09,試著拋開所有煩惱，配上一點特意的小確幸，這一刻只屬於你...,我的微醺夜
Self,https://open.spotify.com/track/0J9uaeOd7GZi9MTybtqAD4,Heaven,https://open.spotify.com/album/6aWsHOGYXoEY1kxnxGMLwU,Cleo Sol,https://open.spotify.com/artist/3ETLPQkcEd7z4k3IbZmXMq,2024-12-30,199615,2022-06-09,試著拋開所有煩惱，配上一點特意的小確幸，這一刻只屬於你...,我的微醺夜
Seventeen,https://open.spotify.com/track/76t8j6fcgo4rDzSQutispC,Seventeen,https://open.spotify.com/album/0hQ35qENp50JKaES6XDdPd,No Rome,https://open.spotify.com/artist/6auWB5YAlcKaHyrbTH66nd,2022-07-25,265185,2022-06-09,試著拋開所有煩惱，配上一點特意的小確幸，這一刻只屬於你...,我的微醺夜
Sinking,https://open.spotify.com/track/7zwN8pdasAQwkkRP64OIMS,Sinking,https://open.spotify.com/album/0CfQZxExm3luRR6aROK0ay,Claudia,https://open.spotify.com/artist/4iSU0hKfGnU2nscL5dLi9p,2022-06-27,189181,2022-06-09,試著拋開所有煩惱，配上一點特意的小確幸，這一刻只屬於你...,我的微醺夜
Sixteen,https://open.spotify.com/track/0SUcdi5dePAVWmhyH3m5z8,Sixteen,https://open.spotify.com/album/5Vg7mzIqprZiIEbmbblZWH,Oscar Welsh,https://open.spotify.com/artist/5h7aN3xfMdLwyuopfgvtST,2022-07-25,199020,2022-06-09,試著拋開所有煩惱，配上一點特意的小確幸，這一刻只屬於你...,我的微醺夜
Slowing Down,https://open.spotify.com/track/3oGvRB0MAfPseLw39gVzGg,Slowing Down,https://open.spotify.com/album/2lrfa5zP2yemij6X7P3ExK,Bronze Whale,https://open.spotify.com/artist/448VwSmqc6SpRDqK5WYXIt,2022-07-25,175500,2022-06-09,試著拋開所有煩惱，配上一點特意的小確幸，這一刻只屬於你...,我的微醺夜
Slowing Down,https://open.spotify.com/track/7mV7MXnHBHMhKC3aRQX6z4,Slowing Down,https://open.spotify.com/album/3D7t1vyMzSbE98hO5yLHiG,Bronze Whale,https://open.spotify.com/artist/448VwSmqc6SpRDqK5WYXIt,2023-07-03,175500,2022-06-09,試著拋開所有煩惱，配上一點特意的小確幸，這一刻只屬於你...,我的微醺夜
So,https://open.spotify.com/track/3fDHHkOEw2Fr8km3T4ixYQ,So Sunshine,https://open.spotify.com/album/3tw7ZPvVJo1DqIZvdE6cos,HNNY,https://open.spotify.com/artist/6Yae9Ia1nq6JLLojBzwN1r,2022-08-08,136007,2022-06-09,試著拋開所有煩惱，配上一點特意的小確幸，這一刻只屬於你...,我的微醺夜
Sola,https://open.spotify.com/track/1B72ipO4lbLubrgJRqpiiR,Sola,https://open.spotify.com/album/1h03vGM2kwQnf3q9yliFZx,Nina Cobham,https://open.spotify.com/artist/4ETeWE9SAfaNU7XQ1RB2wq,2022-10-24,198594,2022-06-09,試著拋開所有煩惱，配上一點特意的小確幸，這一刻只屬於你...,我的微醺夜
Sola,https://open.spotify.com/track/52LsiDJXROMrUGE5tMyXk9,Sola,https://open.spotify.com/album/0QacFILmEvKSWaGLTqV546,Nina Cobham,https://open.spotify.com/artist/4ETeWE9SAfaNU7XQ1RB2wq,2022-07-25,198594,2022-06-09,試著拋開所有煩惱，配上一點特意的小確幸，這一刻只屬於你...,我的微醺夜
Some Place Else,https://open.spotify.com/track/4gO4OomMLvV3l9KoyMpeft,Some Place Else,https://open.spotify.com/album/5lGV6B08akg9VD5VhqHb5v,MorMor,https://open.spotify.com/artist/63vaeIIBKIe9zT91EORVbr,2022-12-26,214885,2022-06-09,試著拋開所有煩惱，配上一點特意的小確幸，這一刻只屬於你...,我的微醺夜
Some Place Else,https://open.spotify.com/track/5Hu24z7izB3LKi6pHaPq3C,Some Place Else,https://open.spotify.com/album/7G6KMFNhuWlwwn4zGZTmk9,MorMor,https://open.spotify.com/artist/63vaeIIBKIe9zT91EORVbr,2022-08-29,214885,2022-06-09,試著拋開所有煩惱，配上一點特意的小確幸，這一刻只屬於你...,我的微醺夜
Something to Feel,https://open.spotify.com/track/1IRELSd0k5ycjtvPUlUEXI,Something to Feel,https://open.spotify.com/album/02dq5KH5htRQNedTyplLu8,Mac Ayres,https://open.spotify.com/artist/0fTav4sBLmYOAzKuJw0grL,2022-07-25,213535,2022-06-09,試著拋開所有煩惱，配上一點特意的小確幸，這一刻只屬於你...,我的微醺夜
Soon It Will Be Cold Enough to Build Fires,https://open.spotify.com/track/7cHRys0Lhk9642dLaPUMkm,Soon It Will Be Cold Enough,https://open.spotify.com/album/6kL09DaURb7rAoqqaA51KU,Emancipator,https://open.spotify.com/artist/6HCnsY0Rxi3cg53xreoAIm,2024-09-30,180520,2022-06-09,試著拋開所有煩惱，配上一點特意的小確幸，這一刻只屬於你...,我的微醺夜
Sorry - Original Demo,https://open.spotify.com/track/6eR1N0EBHiDkGDzegX99d3,Lemonade,https://open.spotify.com/album/7dK54iZuOxXFarGhXwEXfF,Beyoncé,https://open.spotify.com/artist/6vWDO969PvNqNYHIOW5v0m,2022-07-25,204400,2022-06-09,試著拋開所有煩惱，配上一點特意的小確幸，這一刻只屬於你...,我的微醺夜
Stranger,https://open.spotify.com/track/4TRcHzOWfy7EmYYdci24jv,Stranger,https://open.spotify.com/album/5tjjkvT0Tm06eXsJjV7sms,RealestK,https://open.spotify.com/artist/35R1B97CfrqKFFI3QBkTDx,2023-09-11,155624,2022-06-09,試著拋開所有煩惱，配上一點特意的小確幸，這一刻只屬於你...,我的微醺夜
Sugar Water,https://open.spotify.com/track/2mQnPuVeoJXwS8p9J4JUIb,Viva! La Woman,https://open.spotify.com/album/1Sha7blBHJ2ZBK5FjVXU9W,Cibo Matto,https://open.spotify.com/artist/2te8VJxgUxcElC8Uq6eJs6,2024-05-27,269760,2022-06-09,試著拋開所有煩惱，配上一點特意的小確幸，這一刻只屬於你...,我的微醺夜
Summer 2020,https://open.spotify.com/track/0t2q2c43AATY4z1GI883Be,Chilombo (Deluxe),https://open.spotify.com/album/1JsySWOa2RchsBB2N4313v,Jhené Aiko,https://open.spotify.com/artist/5ZS223C6JyBfXasXxrRqOk,2022-07-25,196000,2022-06-09,試著拋開所有煩惱，配上一點特意的小確幸，這一刻只屬於你...,我的微醺夜
Superheroes,https://open.spotify.com/track/2akoq472I49TzrFSJjjf47,Breath From Another,https://open.spotify.com/album/5IjiTlH5NjwgFjfCxXlY0S,Esthero,https://open.spotify.com/artist/1VmTG1NmumTwTIOGbew6gH,2024-04-08,238600,2022-06-09,試著拋開所有煩惱，配上一點特意的小確幸，這一刻只屬於你...,我的微醺夜
Surrender,https://open.spotify.com/track/0ecC8p17cDNlxHXkuYqeR6,Surrender,https://open.spotify.com/album/5vplYu9dji5uOQdLutFfnf,Natalie Taylor,https://open.spotify.com/artist/2WxjxdeF7GGdcCK276qViY,2022-07-25,183103,2022-06-09,試著拋開所有煩惱，配上一點特意的小確幸，這一刻只屬於你...,我的微醺夜
Sweet Love,https://open.spotify.com/track/0lZwumiLo3yINe5vc3Y79M,Basement Grooves,https://open.spotify.com/album/17oUkIpNKzZMJiKckkUIf6,Saib,https://open.spotify.com/artist/6N4HlHINMvoTyAL0yhBUCk,2024-04-08,169142,2022-06-09,試著拋開所有煩惱，配上一點特意的小確幸，這一刻只屬於你...,我的微醺夜
Take A Sip,https://open.spotify.com/track/1Gk21dL0nKzuwjA34jOGs5,Take A Sip,https://open.spotify.com/album/4spbnZknoM4B7n6I9MbYNG,XIN LIU,https://open.spotify.com/artist/3lxD7OESQHk5ESvrad8IGg,2024-11-14,177106,2022-06-09,試著拋開所有煩惱，配上一點特意的小確幸，這一刻只屬於你...,我的微醺夜
Talk,https://open.spotify.com/track/0rTV5WefWd1J3OwIheTzxM,Talk,https://open.spotify.com/album/58kvvQvx6OtLqEDhqYSzyM,"Khalid, Disclosure","https://open.spotify.com/artist/6LuN9FCkKOj5PcnpouEgny, https://open.spotify.com/artist/6nS5roXSAGhTGr34W6n7Et",2022-07-25,197487,2022-06-09,試著拋開所有煩惱，配上一點特意的小確幸，這一刻只屬於你...,我的微醺夜
Tatted,https://open.spotify.com/track/4SXEPh7ese9BmZGNwXlnUD,Tatted,https://open.spotify.com/album/5mcpz12xwHIsS6RGhoF5m4,LATRO,https://open.spotify.com/artist/26EAmIgHn2rrSVgKd3ehWD,2022-06-06,185826,2022-06-09,試著拋開所有煩惱，配上一點特意的小確幸，這一刻只屬於你...,我的微醺夜
Tears can be so soft,https://open.spotify.com/track/47UhZ9fjTEIOjOe4gktZN9,Tears can be so soft,https://open.spotify.com/album/1OdiuYoGwzTCuIiSu5v20O,Christine and the Queens,https://open.spotify.com/artist/04vj3iPUiVh5melWr0w3xT,2023-05-15,311928,2022-06-09,試著拋開所有煩惱，配上一點特意的小確幸，這一刻只屬於你...,我的微醺夜
Tell Me About You (feat. Mishaal),https://open.spotify.com/track/1haZCYSR61JHOAivPNOuQH,Tell Me About You (feat. Mishaal),https://open.spotify.com/album/5VxArOD8Qs6kmKR04wIshn,"Kina, Mishaal Tamer","https://open.spotify.com/artist/4qIVPF0s71ZYW3qzhu5GkF, https://open.spotify.com/artist/2NM1t8dMvgeu9Lfl06574g",2022-07-25,194400,2022-06-09,試著拋開所有煩惱，配上一點特意的小確幸，這一刻只屬於你...,我的微醺夜
Tell Me Why,https://open.spotify.com/track/0qBV27lkQHQ3A4wGiSx7xB,Tell Me Why,https://open.spotify.com/album/4L1Seg0eLOrj9fOhmyhEkc,"RILEY, Loote","https://open.spotify.com/artist/38SHprY6NUd8O9LyWJ4hg4, https://open.spotify.com/artist/00TKPo9MxwZ0j4ooveIxWZ",2022-06-06,197227,2022-06-09,試著拋開所有煩惱，配上一點特意的小確幸，這一刻只屬於你...,我的微醺夜
Temporary,https://open.spotify.com/track/2cRahCZ2Zg5J8AM49CsEv6,Temporary,https://open.spotify.com/album/7yrx1Kt6FdZXw7CBuj24TF,Tim Schaufert,https://open.spotify.com/artist/3PThWtcE0CEi5IUmfgTvrC,2022-07-25,124811,2022-06-09,試著拋開所有煩惱，配上一點特意的小確幸，這一刻只屬於你...,我的微醺夜
Terrapin,https://open.spotify.com/track/44syVsiS6uTaLRDbr1QIfr,Animal Magic,https://open.spotify.com/album/7geNHTLjHCBxdg5YlO7gse,Bonobo,https://open.spotify.com/artist/0cmWgDlu9CwTgxPhf403hb,2023-05-29,278346,2022-06-09,試著拋開所有煩惱，配上一點特意的小確幸，這一刻只屬於你...,我的微醺夜
Terrapin,https://open.spotify.com/track/4G6ra5sanRGP2PWNw0FESC,Animal Magic,https://open.spotify.com/album/3YzjoOkkhWQ6l76aaUa7BP,Bonobo,https://open.spotify.com/artist/0cmWgDlu9CwTgxPhf403hb,2023-03-06,278346,2022-06-09,試著拋開所有煩惱，配上一點特意的小確幸，這一刻只屬於你...,我的微醺夜
Terrapin,https://open.spotify.com/track/6G1lPm5H051kZL5rJHvXEv,Animal Magic,https://open.spotify.com/album/4fwdKlGLJuEB9UuCHaNKql,Bonobo,https://open.spotify.com/artist/0cmWgDlu9CwTgxPhf403hb,2024-04-08,279933,2022-06-09,試著拋開所有煩惱，配上一點特意的小確幸，這一刻只屬於你...,我的微醺夜
The Angels,https://open.spotify.com/track/6XwDVNiqXI6WrhlVJYdPLu,The Angels,https://open.spotify.com/album/1ZdaNHouyJBXKES1AxjFAV,JordanXL,https://open.spotify.com/artist/2GB80HjPXBHPNH6DoUC0bq,2022-06-06,213975,2022-06-09,試著拋開所有煩惱，配上一點特意的小確幸，這一刻只屬於你...,我的微醺夜
The Boat I Row,https://open.spotify.com/track/1HVYQj4liQb1QOygBfjZqV,The Slow Rush B-Sides & Remixes,https://open.spotify.com/album/0PUdc9WBtlyjG9Ba9DPmKa,Tame Impala,https://open.spotify.com/artist/5INjqkS1o8h1imAzPqGZBb,2022-07-25,238320,2022-06-09,試著拋開所有煩惱，配上一點特意的小確幸，這一刻只屬於你...,我的微醺夜
The Mannequin Song,https://open.spotify.com/track/0m35SoBcW7jLn9jpF1WktE,The Mannequin Song,https://open.spotify.com/album/0Im43RZaQ5RIKHRn6mKTAQ,Hotel Ugly,https://open.spotify.com/artist/35WVTyRnKAoaGExqgktVyb,2022-10-18,164197,2022-06-09,試著拋開所有煩惱，配上一點特意的小確幸，這一刻只屬於你...,我的微醺夜
The Space Between Us,https://open.spotify.com/track/6OLWjfBXWoGS5ft8IFzcjq,The Space Between Us,https://open.spotify.com/album/4ahRpyPIbiyUpd55Ry3HnJ,Saint Fiction,https://open.spotify.com/artist/6MD05zpi26c0tir83S7Rpd,2022-06-06,197098,2022-06-09,試著拋開所有煩惱，配上一點特意的小確幸，這一刻只屬於你...,我的微醺夜
The Star Room (OG Version) - Bonus Track,https://open.spotify.com/track/3A1TIw1yMxj5OckDuqRtiT,Watching Movies with the Sound Off (10th Anniversary),https://open.spotify.com/album/0Wf65emw9eAwbjJ45gMMqp,"Mac Miller, Earl Sweatshirt","https://open.spotify.com/artist/4LLpKhyESsyAXpc4laK94U, https://open.spotify.com/artist/3A5tHz1SfngyOZM2gItYKu",2023-06-26,264217,2022-06-09,試著拋開所有煩惱，配上一點特意的小確幸，這一刻只屬於你...,我的微醺夜
Thinkin Bout You,https://open.spotify.com/track/5kx5NtuqynfuDqUppK4qa4,LOG,https://open.spotify.com/album/7HtutouCfFdDPs3xO9EIeU,KATIE,https://open.spotify.com/artist/2nDC4PH8XE1gHeeAxVLXRO,2022-06-06,263592,2022-06-09,試著拋開所有煩惱，配上一點特意的小確幸，這一刻只屬於你...,我的微醺夜
Thinkin Bout You,https://open.spotify.com/track/6xwQS49tTYgLQNPGnfWV2H,LOG,https://open.spotify.com/album/43gRZhkhNa92R9NHvTIPgo,KATIE,https://open.spotify.com/artist/2nDC4PH8XE1gHeeAxVLXRO,2022-07-25,263592,2022-06-09,試著拋開所有煩惱，配上一點特意的小確幸，這一刻只屬於你...,我的微醺夜
This Could Be - Chill Mix,https://open.spotify.com/track/1fMh032FtBwJDk1iGurH9Y,This Could Be (Chill Mix),https://open.spotify.com/album/1EePdJthRN92skeHT0hzev,Duke & Jones,https://open.spotify.com/artist/3jNm5wvIx1eR5NDdXhMkNV,2022-07-25,178200,2022-06-09,試著拋開所有煩惱，配上一點特意的小確幸，這一刻只屬於你...,我的微醺夜
"This Time, Tomorrow",https://open.spotify.com/track/23Str39NItHfJo2SGUgMd1,There Could Be Wreckage Here,https://open.spotify.com/album/3niYGnf8XfOqB5d8TdqTv3,Linying,https://open.spotify.com/artist/5IIP34JBy1d8kBYlAGnRaW,2022-06-06,190247,2022-06-09,試著拋開所有煩惱，配上一點特意的小確幸，這一刻只屬於你...,我的微醺夜
Thursday,https://open.spotify.com/track/0B2Ujrs9t4c1XvNzrECwLt,Thursday,https://open.spotify.com/album/0bUXmso9cdsN763cc4Ol2u,"Axel Brizzy, Marian Carmel","https://open.spotify.com/artist/25WvXcmQl42yfbnOlfM3JB, https://open.spotify.com/artist/5Iyx1kSKoYvJz0gCrsFLW6",2022-06-06,229200,2022-06-09,試著拋開所有煩惱，配上一點特意的小確幸，這一刻只屬於你...,我的微醺夜
Tides,https://open.spotify.com/track/7rRYiBxeudiHMNmgptnne9,Tides,https://open.spotify.com/album/2ygrwR30mOdEfqh2eJcGNY,"Bonobo, Jamila Woods","https://open.spotify.com/artist/0cmWgDlu9CwTgxPhf403hb, https://open.spotify.com/artist/4UodukR17NIQfNu5uaqm9B",2022-07-25,226146,2022-06-09,試著拋開所有煩惱，配上一點特意的小確幸，這一刻只屬於你...,我的微醺夜
Tied Up,https://open.spotify.com/track/0e5HHaTo0FUJM1Kef2F5b5,Here In Your Bedroom,https://open.spotify.com/album/1AEpM28Ftqp8scaJLNgcAs,Kailee Morgue,https://open.spotify.com/artist/245PKF3hKjtxJKIG153kF0,2022-07-11,133611,2022-06-09,試著拋開所有煩惱，配上一點特意的小確幸，這一刻只屬於你...,我的微醺夜
Till Death,https://open.spotify.com/track/3wJVQr9ZfLZfcj19aIfjub,Soft Sounds from Another Planet,https://open.spotify.com/album/6PnTp1NIlueJGURW4zSYua,Japanese Breakfast,https://open.spotify.com/artist/7MoIc5s9KXolCBH1fy9kkw,2022-07-25,177206,2022-06-09,試著拋開所有煩惱，配上一點特意的小確幸，這一刻只屬於你...,我的微醺夜
Time,https://open.spotify.com/track/3Ths3AX8KIMrVGXJRrkBDy,Time,https://open.spotify.com/album/769w0FnPuehiePv6Mve1Cz,lullaboy,https://open.spotify.com/artist/7zrkFhYAp6dBxsydmJkouN,2022-07-25,200000,2022-06-09,試著拋開所有煩惱，配上一點特意的小確幸，這一刻只屬於你...,我的微醺夜
Time,https://open.spotify.com/track/7lKJdJUd6z8NYwkHMttPaz,Time,https://open.spotify.com/album/4ixv2iQNrZ03PNyCuIm3EK,lullaboy,https://open.spotify.com/artist/7zrkFhYAp6dBxsydmJkouN,2022-06-06,200000,2022-06-09,試著拋開所有煩惱，配上一點特意的小確幸，這一刻只屬於你...,我的微醺夜
Toxic,https://open.spotify.com/track/6XVFBGAl2x343DCADmkbey,Toxic,https://open.spotify.com/album/058XNBEpDC6ZGw518wt52d,"hohoman16, Isla K","https://open.spotify.com/artist/7yV83KFDjcx1QREEzqPUKk, https://open.spotify.com/artist/0BtSuJKKjzsal6MQSwHN3A",2022-06-06,232000,2022-06-09,試著拋開所有煩惱，配上一點特意的小確幸，這一刻只屬於你...,我的微醺夜
Toxic,https://open.spotify.com/track/5nexAvWNhwg51EavnDgViy,It Was Good Until It Wasn't,https://open.spotify.com/album/6ROLwnmW9pOioLned0DaP3,Kehlani,https://open.spotify.com/artist/0cGUm45nv7Z6M6qdXYQGTX,2022-07-25,168182,2022-06-09,試著拋開所有煩惱，配上一點特意的小確幸，這一刻只屬於你...,我的微醺夜
Traps,https://open.spotify.com/track/1sxgNMOBtQqAjliBB6oxeR,Traps,https://open.spotify.com/album/2Txz3W5EfuNmEmC8iLmm4t,"Abigail, Lil J","https://open.spotify.com/artist/11yfGLGb5HMw3iGo0MN1rB, https://open.spotify.com/artist/6OPGYD3Cz0UCffp09wFa4B",2022-06-06,195828,2022-06-09,試著拋開所有煩惱，配上一點特意的小確幸，這一刻只屬於你...,我的微醺夜
Traumatized,https://open.spotify.com/track/2BEiZgGUo7qGqWjEUwiOn7,Traumatized,https://open.spotify.com/album/3QdiAl3ar3nt0WjzWFB9Gf,"Page Music, Ova Libenovo, Fhasyyati","https://open.spotify.com/artist/4sEcV3dkrZEurn0zsE46jK, https://open.spotify.com/artist/7nFa4wz5RZILHGVtXPfAUj, https://open.spotify.com/artist/55kDUI5YRbkhishN3Xz1Li",2022-06-06,198624,2022-06-09,試著拋開所有煩惱，配上一點特意的小確幸，這一刻只屬於你...,我的微醺夜
TRAVELIN',https://open.spotify.com/track/6WtFDxNz4x99GCvHeSx13q,TRAVELIN',https://open.spotify.com/album/2y0dyhEYehIoXnEkXLuD7y,((( O ))),https://open.spotify.com/artist/5rBFU1rhgs1nNghopuj9k8,2023-08-28,217846,2022-06-09,試著拋開所有煩惱，配上一點特意的小確幸，這一刻只屬於你...,我的微醺夜
Treat Me,https://open.spotify.com/track/2ZCu2xskiEBCV3y0eu0zJG,Treat Me,https://open.spotify.com/album/07OIugKUfGzqhgZxJ4v7qP,Chlöe,https://open.spotify.com/artist/1FtBEIWAwvw5ymBen5GICR,2022-07-25,149865,2022-06-09,試著拋開所有煩惱，配上一點特意的小確幸，這一刻只屬於你...,我的微醺夜
Trying Not To Cry (feat. Cavetown),https://open.spotify.com/track/1dO8sjJOtUpz0CWelezE4f,Trying Not To Cry (feat. Cavetown),https://open.spotify.com/album/0eYVO4mb4QcZNV9d3dgTiv,"Kina, Cavetown","https://open.spotify.com/artist/4qIVPF0s71ZYW3qzhu5GkF, https://open.spotify.com/artist/2hR4h1Cao2ueuI7Cx9c7V8",2022-07-25,142310,2022-06-09,試著拋開所有煩惱，配上一點特意的小確幸，這一刻只屬於你...,我的微醺夜
Tsunami,https://open.spotify.com/track/5T9RiaaXbVUQdIG3hLmZDY,Tsunami,https://open.spotify.com/album/0SX3o2pQvxPaujHIqPVrpP,NIKI,https://open.spotify.com/artist/2kxP07DLgs4xlWz8YHlvfh,2024-07-29,231173,2022-06-09,試著拋開所有煩惱，配上一點特意的小確幸，這一刻只屬於你...,我的微醺夜
Two Sides,https://open.spotify.com/track/0HN3K1Y4sRJIHZmI2s5pU1,Two Sides,https://open.spotify.com/album/03ir5ImoetQFACvTPTn4sK,"Gentle Bones, Charlie Lim","https://open.spotify.com/artist/4jGPdu95icCKVF31CcFKbS, https://open.spotify.com/artist/3FodFdWfVWIiER6Cv6YVVQ",2022-06-06,226195,2022-06-09,試著拋開所有煩惱，配上一點特意的小確幸，這一刻只屬於你...,我的微醺夜
Ugly,https://open.spotify.com/track/2kHQScyzjnhhuBPQQ1AVfo,Everything I Didn’t Say,https://open.spotify.com/album/7sb53RUF8x70PzjPmDxF0Q,Ella Henderson,https://open.spotify.com/artist/7nDsS0l5ZAzMedVRKPP8F1,2022-07-25,213133,2022-06-09,試著拋開所有煩惱，配上一點特意的小確幸，這一刻只屬於你...,我的微醺夜
untitled (what's it gonna be),https://open.spotify.com/track/76YpiW77bh2bCbvysBnwF4,untitled (what's it gonna be),https://open.spotify.com/album/74bDYW7BEX7rs8Rl4LNqLS,"thecolorfractal, Gail Belmonte","https://open.spotify.com/artist/0v5RDo6n69zPsWKEDuZueu, https://open.spotify.com/artist/7cu716rV1JmtKcJ9h7FRLQ",2022-06-06,250666,2022-06-09,試著拋開所有煩惱，配上一點特意的小確幸，這一刻只屬於你...,我的微醺夜
Use Me,https://open.spotify.com/track/4TF8goaI3qmoRHTq61qmtx,Use Me,https://open.spotify.com/album/4AmYRXgAs8RpWppl7s63lk,Ai.Z,https://open.spotify.com/artist/3WskbYlYe2qJrMtYnkIvKk,2022-06-06,240000,2022-06-09,試著拋開所有煩惱，配上一點特意的小確幸，這一刻只屬於你...,我的微醺夜
Vertigo,https://open.spotify.com/track/5Hje2TsqtKgPGADigZzpUr,Vertigo,https://open.spotify.com/album/4htIxETvvVEOUZbgaowI3Q,Menchaca,https://open.spotify.com/artist/3DyMzyZlwWHxfuY6WJQAgf,2022-06-06,207428,2022-06-09,試著拋開所有煩惱，配上一點特意的小確幸，這一刻只屬於你...,我的微醺夜
Virtual Lover,https://open.spotify.com/track/4QqDr1Kt69ewXBRvQ7V9Rr,Virtual Lover,https://open.spotify.com/album/5XkoI4taQeg4Rc6rJxrjMr,"illmore, LINION","https://open.spotify.com/artist/6xLWs7PzOiPY2351KcoeGZ, https://open.spotify.com/artist/26OkmynS2y6LiuUWz3yeqT",2022-06-06,174907,2022-06-09,試著拋開所有煩惱，配上一點特意的小確幸，這一刻只屬於你...,我的微醺夜
wait it out,https://open.spotify.com/track/793pY16A2YqBrsmdyagExY,late night thoughts,https://open.spotify.com/album/3NNyPYXwkHc4F8QffKQkui,shy martin,https://open.spotify.com/artist/7eCmccnRwPmRnWPw61x6jM,2023-05-22,153905,2022-06-09,試著拋開所有煩惱，配上一點特意的小確幸，這一刻只屬於你...,我的微醺夜
walk but in a garden (with mxmtoon),https://open.spotify.com/track/4Kpt4pk9xgOlIgu9qvUrxC,walk but in a garden,https://open.spotify.com/album/73B3H18jWD1TVDWId6CifF,"LLusion, mxmtoon","https://open.spotify.com/artist/5XBb04uBpKPWPWC2jXgGqb, https://open.spotify.com/artist/0HthCchcL0kVLHTr113Vk1",2022-07-25,112500,2022-06-09,試著拋開所有煩惱，配上一點特意的小確幸，這一刻只屬於你...,我的微醺夜
Walk Long,https://open.spotify.com/track/1ibtSIWTF1Ti00WMocGGir,Walk Long,https://open.spotify.com/album/0zR3grZpgad6nqfPauPdnJ,"Psylo, KINIDA","https://open.spotify.com/artist/4EvMhwDutimwUZSG7t38XI, https://open.spotify.com/artist/5rxk8Y4xZoD152zShQiwhB",2025-02-17,248877,2022-06-09,試著拋開所有煩惱，配上一點特意的小確幸，這一刻只屬於你...,我的微醺夜
Want U Bad,https://open.spotify.com/track/5Oh1oHKCGN0LhlOp9RUhP3,Want U Bad,https://open.spotify.com/album/2CNJGfWY7q1ZwiQa3Gk8IT,Fern.,https://open.spotify.com/artist/7KoTRIhjkIQy2L8RjWDpfF,2023-01-09,222000,2022-06-09,試著拋開所有煩惱，配上一點特意的小確幸，這一刻只屬於你...,我的微醺夜
Want U Bad,https://open.spotify.com/track/5mk76DcUc1oQqOgcczreKB,Want U Bad,https://open.spotify.com/album/5CKO535hsvwJ6DbgoWqdn9,Fern.,https://open.spotify.com/artist/7KoTRIhjkIQy2L8RjWDpfF,2022-06-06,222000,2022-06-09,試著拋開所有煩惱，配上一點特意的小確幸，這一刻只屬於你...,我的微醺夜
Wavvy,https://open.spotify.com/track/0BIdtZ1RdHNAm1aJxbfyNk,Wavvy,https://open.spotify.com/album/33RjX6qVEdXlcemcA942b0,Lav,https://open.spotify.com/artist/4yql3diaCYkv88Xrh7rwVl,2022-07-25,187546,2022-06-09,試著拋開所有煩惱，配上一點特意的小確幸，這一刻只屬於你...,我的微醺夜
Wavvy,https://open.spotify.com/track/7qHus80qoEHRDq8MYJjaNm,Wavvy,https://open.spotify.com/album/7A3NVckB7uKzaRkoASyapo,Lav,https://open.spotify.com/artist/4yql3diaCYkv88Xrh7rwVl,2023-12-25,187546,2022-06-09,試著拋開所有煩惱，配上一點特意的小確幸，這一刻只屬於你...,我的微醺夜
Way Out,https://open.spotify.com/track/54vmnIj6yLipSrw1KMK3zg,V I N C E N T,https://open.spotify.com/album/5OUJEZppb5mHHwR5Uw0rzw,FKJ,https://open.spotify.com/artist/2FwDTncULUnmANIh7qKa5z,2022-07-25,200213,2022-06-09,試著拋開所有煩惱，配上一點特意的小確幸，這一刻只屬於你...,我的微醺夜
Way Out,https://open.spotify.com/track/6pHbZIUX160rLPbgAJdpl8,Way Out,https://open.spotify.com/album/6PqC3CxgIhYtYgapko4YFG,FKJ,https://open.spotify.com/artist/2FwDTncULUnmANIh7qKa5z,2022-07-04,200213,2022-06-09,試著拋開所有煩惱，配上一點特意的小確幸，這一刻只屬於你...,我的微醺夜
What About Me (feat. Sosamann),https://open.spotify.com/track/3JX0dOCIAiaR8MP3ryXWuM,Tha Carter V,https://open.spotify.com/album/50yFYgKdwJANZ5O9MIbMkg,"Lil Wayne, Sosamann","https://open.spotify.com/artist/55Aa2cqylxrFIXC767Z865, https://open.spotify.com/artist/3Bj81IbILbuj2uEwWXMdXI",2022-07-25,216961,2022-06-09,試著拋開所有煩惱，配上一點特意的小確幸，這一刻只屬於你...,我的微醺夜
what would you say to your lost self,https://open.spotify.com/track/07jgeBRRxIA2FICXUouW5v,what would you say to your lost self,https://open.spotify.com/album/6qOGpqm3j0NzEhtHCJ9Law,"Thomas Ng, DVRLENE","https://open.spotify.com/artist/2ZeeJPDvqzQ7c8iG3rRsyc, https://open.spotify.com/artist/1Rc0NV88mREBY1ZOP2lYq1",2022-08-29,170320,2022-06-09,試著拋開所有煩惱，配上一點特意的小確幸，這一刻只屬於你...,我的微醺夜
Whatever This Is,https://open.spotify.com/track/0fSBuNmLlfkzulls16EA6T,Whatever This Is,https://open.spotify.com/album/7dRN2VuLb4m1CDTHDHwz7h,Fern.,https://open.spotify.com/artist/7KoTRIhjkIQy2L8RjWDpfF,2022-06-06,187058,2022-06-09,試著拋開所有煩惱，配上一點特意的小確幸，這一刻只屬於你...,我的微醺夜
Where Were You In The Morning?,https://open.spotify.com/track/376Gg7Oxo5C5jUWDWpVXeI,Shawn Mendes,https://open.spotify.com/album/2VP96XdMOKTXefI8Nui23s,Shawn Mendes,https://open.spotify.com/artist/7n2wHs1TKAczGzO7Dd2rGr,2022-07-25,200600,2022-06-09,試著拋開所有煩惱，配上一點特意的小確幸，這一刻只屬於你...,我的微醺夜
Wicked Dreams,https://open.spotify.com/track/6dvHjr6kOqEnKeQyd3Tozs,Spirit,https://open.spotify.com/album/4emDc6rcjqJGqCj8NqEIzG,Rhye,https://open.spotify.com/artist/2AcUPzkVWo81vumdzeLLRN,2024-04-08,271506,2022-06-09,試著拋開所有煩惱，配上一點特意的小確幸，這一刻只屬於你...,我的微醺夜
Wildflower,https://open.spotify.com/track/4jIa3kabSPNY0oOy3Hs9P6,TWENTY FIVE,https://open.spotify.com/album/1mDaY48ESUPxGNBleBlTKg,GRACE.,https://open.spotify.com/artist/4RwYJRHnB3zCks3x2u3qHv,2022-06-06,207157,2022-06-09,試著拋開所有煩惱，配上一點特意的小確幸，這一刻只屬於你...,我的微醺夜
WINE,https://open.spotify.com/track/4HljKZwdFkWYISiyfzdbQR,WINE,https://open.spotify.com/album/10bEr4txHrSj4oi8KzOUSy,via.,https://open.spotify.com/artist/57xDI3VtF6ua02FfFQpPb5,2022-07-18,176750,2022-06-09,試著拋開所有煩惱，配上一點特意的小確幸，這一刻只屬於你...,我的微醺夜
Wish I Was Better,https://open.spotify.com/track/1kAkUHFb7ryeVkVSRD6Nkj,Wish I Was Better,https://open.spotify.com/album/0dbCEm3gL91TgF2Gihuexr,"Kina, yaeow","https://open.spotify.com/artist/4qIVPF0s71ZYW3qzhu5GkF, https://open.spotify.com/artist/4Abe9XH0fplj8dbOddoYgH",2022-07-25,140571,2022-06-09,試著拋開所有煩惱，配上一點特意的小確幸，這一刻只屬於你...,我的微醺夜
wish you were gay,https://open.spotify.com/track/3Fj47GNK2kUF0uaEDgXLaD,"WHEN WE ALL FALL ASLEEP, WHERE DO WE GO?",https://open.spotify.com/album/0S0KGZnfBGSIssfF54WSJh,Billie Eilish,https://open.spotify.com/artist/6qqNVTkY8uBg9cP3Jd7DAH,2022-07-25,221543,2022-06-09,試著拋開所有煩惱，配上一點特意的小確幸，這一刻只屬於你...,我的微醺夜
Woo Woo,https://open.spotify.com/track/5WnAOIwhl9dxdzNmBhW4hK,Woo Woo,https://open.spotify.com/album/3oTWydF6FVRShRa2ynHpsm,August Wahh,https://open.spotify.com/artist/4NsvRUCOVV4KrWRfF65Rcj,2022-06-06,196626,2022-06-09,試著拋開所有煩惱，配上一點特意的小確幸，這一刻只屬於你...,我的微醺夜
"Wrong Place, Wrong Time",https://open.spotify.com/track/4aMcU2HPB7pBQxdBCMReSt,"Wrong Place, Wrong Time",https://open.spotify.com/album/1kyz8WVA5zS4Q47Gmb8nBN,alea gabrielle,https://open.spotify.com/artist/08wRQpPJTgHxAYgrfKmVwQ,2022-06-06,226113,2022-06-09,試著拋開所有煩惱，配上一點特意的小確幸，這一刻只屬於你...,我的微醺夜
X's,https://open.spotify.com/track/4ImeysCxPlYmM4LRFp7z9f,X's,https://open.spotify.com/album/10i6evsxSFs2fuPQRWvI6I,Cigarettes After Sex,https://open.spotify.com/artist/1QAJqy2dA3ihHBFIHRphZj,2024-07-15,183761,2022-06-09,試著拋開所有煩惱，配上一點特意的小確幸，這一刻只屬於你...,我的微醺夜
yellow,https://open.spotify.com/track/0qstnaL14EV0e8TDgHA0kL,yellow,https://open.spotify.com/album/01ilKhmXUXqmgkZd9PvLjH,Nathanie,https://open.spotify.com/artist/2n9S44nEklHQjqX0pedw8P,2022-06-06,72741,2022-06-09,試著拋開所有煩惱，配上一點特意的小確幸，這一刻只屬於你...,我的微醺夜
You,https://open.spotify.com/track/6RNzBgaxbDLDdnq4jy4bNQ,You,https://open.spotify.com/album/7jxS1hXDUt23Qcbifqkmdc,"evanturetime, Tim De Cotta, Vandetta","https://open.spotify.com/artist/07h1mcCInWa0LF0ZMzVQfa, https://open.spotify.com/artist/0SFCGvh4sE1t6b2mTgpQ5D, https://open.spotify.com/artist/2zJyoM4BKp0Aufq8QIpexd",2022-06-06,252838,2022-06-09,試著拋開所有煩惱，配上一點特意的小確幸，這一刻只屬於你...,我的微醺夜
Your Power,https://open.spotify.com/track/042Sl6Mn83JHyLEqdK7uI0,Happier Than Ever,https://open.spotify.com/album/0JGOiO34nwfUdDrD612dOp,Billie Eilish,https://open.spotify.com/artist/6qqNVTkY8uBg9cP3Jd7DAH,2022-07-25,245896,2022-06-09,試著拋開所有煩惱，配上一點特意的小確幸，這一刻只屬於你...,我的微醺夜
Youth,https://open.spotify.com/track/5Q2GxbKxY3tTdTg6T3yVJB,Youth,https://open.spotify.com/album/6BJP3SCmD1oLYni9OJFKac,"xander., WEI, Annie Lux","https://open.spotify.com/artist/6ysKfYgiKUTMCuq2fSTLK3, https://open.spotify.com/artist/2jOSQFHIeUc2OcPx8tSaTw, https://open.spotify.com/artist/54vSGePBrdJojNSXh13DwN",2022-06-06,186352,2022-06-09,試著拋開所有煩惱，配上一點特意的小確幸，這一刻只屬於你...,我的微醺夜
